#
0.598 0.737 0.131 0.916 6.745 0.598 0.737 0.131 0.916 6.745 0.598 0.737 0.131 0.916 6.745 0.598 0.737 0.131 0.916 6.745
0.263 0.740 0.449 0.753 6.964 0.263 0.740 0.449 0.753 6.964 0.263 0.740 0.449 0.753 6.964 0.263 0.740 0.449 0.753 6.964
0.109 8.483 0.199 0.302 8.872 0.109 8.483 0.199 0.302 8.872 0.109 8.483 0.199 0.302 8.872 0.109 8.483 0.199 0.302 8.872
#
0.598 0.737 0.131 0.916 6.745 0.598 0.737 0.131 0.916 6.745 0.598 0.737 0.131 0.916 6.745 0.598 0.737 0.131 0.916 6.745
0.263 0.740 0.449 0.753 6.964 0.263 0.740 0.449 0.753 6.964 0.263 0.740 0.449 0.753 6.964 0.263 0.740 0.449 0.753 6.964
#
0.598 0.737 0.131 0.916 6.745 0.598 0.737 0.131 0.916 6.745 0.598 0.737 0.131 0.916 6.745 0.598 0.737 0.131 0.916 6.745
0.263 0.740 0.449 0.753 6.964 0.263 0.740 0.449 0.753 6.964 0.263 0.740 0.449 0.753 6.964 0.263 0.740 0.449 0.753 6.964
0.109 8.483 0.199 0.302 8.872 0.109 8.483 0.199 0.302 8.872 0.109 8.483 0.199 0.302 8.872 0.109 8.483 0.199 0.302 8.872
#