D,Problem_type,number_vector,solution_number,set_number,avg_consis_R2C_1,avg_consis_newR2C_1,avg_consis_R2C_2,avg_consis_newR2C_2,avg_correct_R2C_1,avg_correct_newR2C_1,avg_correct_R2C_2,avg_correct_newR2C_2
2,linear,2,50,1000,0.688295,0.889749,0.056780,0.851156,0.124000,0.662000,0.000000,0.596000
2,linear,3,50,1000,0.688295,0.939250,0.075184,0.887669,0.124000,0.741000,0.000000,0.650000
2,linear,4,50,1000,0.688295,0.963478,0.107448,0.907769,0.124000,0.802000,0.000000,0.687000
2,linear,5,50,1000,0.688295,0.975411,0.132137,0.920040,0.124000,0.849000,0.000000,0.714000
2,linear,6,50,1000,0.688295,0.981291,0.161561,0.928575,0.124000,0.869000,0.000000,0.724000
2,linear,7,50,1000,0.688295,0.983660,0.185183,0.934600,0.124000,0.891000,0.000000,0.741000
2,linear,8,50,1000,0.688295,0.984205,0.213325,0.939424,0.124000,0.902000,0.000000,0.749000
2,linear,9,50,1000,0.688295,0.983965,0.237814,0.943233,0.124000,0.901000,0.000000,0.757000
2,linear,10,50,1000,0.688295,0.983442,0.262376,0.946464,0.124000,0.907000,0.000000,0.765000
2,linear,11,50,1000,0.688295,0.982642,0.285669,0.949122,0.124000,0.909000,0.000000,0.779000
2,linear,12,50,1000,0.688295,0.981854,0.309795,0.951395,0.124000,0.911000,0.000000,0.784000
2,linear,13,50,1000,0.688295,0.981123,0.331882,0.953343,0.124000,0.906000,0.000000,0.791000
2,linear,14,50,1000,0.688295,0.980418,0.354179,0.955041,0.124000,0.906000,0.000000,0.797000
2,linear,15,50,1000,0.688295,0.979754,0.376122,0.956540,0.124000,0.907000,0.000000,0.801000
2,linear,16,50,1000,0.688295,0.979076,0.394970,0.957850,0.124000,0.905000,0.000000,0.806000
2,linear,17,50,1000,0.688295,0.978423,0.415141,0.959043,0.124000,0.902000,0.000000,0.808000
2,linear,18,50,1000,0.688295,0.977872,0.432910,0.960096,0.124000,0.902000,0.000000,0.813000
2,linear,19,50,1000,0.688295,0.977384,0.450737,0.961046,0.124000,0.897000,0.000000,0.816000
2,linear,20,50,1000,0.688295,0.976956,0.467445,0.961876,0.124000,0.894000,0.000000,0.821000
2,linear,21,50,1000,0.688295,0.976531,0.484092,0.962687,0.124000,0.889000,0.000000,0.827000
2,linear,22,50,1000,0.688295,0.976201,0.498315,0.963442,0.124000,0.890000,0.000000,0.829000
2,linear,23,50,1000,0.688295,0.975810,0.513855,0.964153,0.124000,0.889000,0.000000,0.829000
2,linear,24,50,1000,0.688295,0.975447,0.531035,0.964782,0.124000,0.887000,0.000000,0.833000
2,linear,25,50,1000,0.688295,0.975158,0.544322,0.965358,0.124000,0.885000,0.000000,0.836000
2,linear,26,50,1000,0.688295,0.974877,0.555685,0.965870,0.124000,0.881000,0.000000,0.838000
2,linear,27,50,1000,0.688295,0.974599,0.569444,0.966376,0.124000,0.879000,0.000000,0.843000
2,linear,28,50,1000,0.688295,0.974347,0.582406,0.966843,0.124000,0.879000,0.000000,0.843000
2,linear,29,50,1000,0.688295,0.974123,0.596833,0.967330,0.124000,0.878000,0.000000,0.847000
2,linear,30,50,1000,0.688295,0.973936,0.605767,0.967723,0.124000,0.876000,0.000000,0.847000
2,linear,31,50,1000,0.688295,0.973727,0.617936,0.968082,0.124000,0.874000,0.000000,0.848000
2,linear,32,50,1000,0.688295,0.973546,0.627384,0.968456,0.124000,0.873000,0.000000,0.851000
2,linear,33,50,1000,0.688295,0.973339,0.639371,0.968807,0.124000,0.870000,0.000000,0.851000
2,linear,34,50,1000,0.688295,0.973165,0.648905,0.969130,0.124000,0.869000,0.000000,0.851000
2,linear,35,50,1000,0.688295,0.973006,0.657451,0.969438,0.124000,0.870000,0.000000,0.852000
2,linear,36,50,1000,0.688295,0.972842,0.668123,0.969704,0.124000,0.864000,0.000000,0.852000
2,linear,37,50,1000,0.688295,0.972709,0.676129,0.969996,0.124000,0.867000,0.000000,0.853000
2,linear,38,50,1000,0.688295,0.972553,0.685636,0.970278,0.124000,0.866000,0.000000,0.855000
2,linear,39,50,1000,0.688295,0.972403,0.691838,0.970511,0.124000,0.864000,0.000000,0.855000
2,linear,40,50,1000,0.688295,0.972290,0.701349,0.970755,0.124000,0.863000,0.000000,0.857000
2,linear,41,50,1000,0.688295,0.972165,0.709242,0.970969,0.124000,0.862000,0.000000,0.857000
2,linear,42,50,1000,0.688295,0.972047,0.715396,0.971180,0.124000,0.860000,0.000000,0.860000
2,linear,43,50,1000,0.688295,0.971934,0.722990,0.971389,0.124000,0.858000,0.000000,0.860000
2,linear,44,50,1000,0.688295,0.971820,0.729562,0.971584,0.124000,0.856000,0.000000,0.860000
2,linear,45,50,1000,0.688295,0.971702,0.735222,0.971745,0.124000,0.856000,0.000000,0.862000
2,linear,46,50,1000,0.688295,0.971613,0.743493,0.971931,0.124000,0.857000,0.000000,0.864000
2,linear,47,50,1000,0.688295,0.971533,0.749699,0.972073,0.124000,0.857000,0.000000,0.866000
2,linear,48,50,1000,0.688295,0.971439,0.754327,0.972230,0.124000,0.856000,0.000000,0.867000
2,linear,49,50,1000,0.688295,0.971376,0.759100,0.972402,0.124000,0.856000,0.000000,0.869000
2,linear,50,50,1000,0.688295,0.971301,0.766433,0.972553,0.124000,0.856000,0.000000,0.870000
2,linear,51,50,1000,0.688295,0.971227,0.770674,0.972706,0.124000,0.854000,0.000000,0.870000
2,linear,52,50,1000,0.688295,0.971155,0.776699,0.972844,0.124000,0.855000,0.000000,0.872000
2,linear,53,50,1000,0.688295,0.971070,0.780462,0.973020,0.124000,0.854000,0.000000,0.872000
2,linear,54,50,1000,0.688295,0.970999,0.786178,0.973137,0.124000,0.853000,0.000000,0.872000
2,linear,55,50,1000,0.688295,0.970924,0.789209,0.973264,0.124000,0.853000,0.000000,0.873000
2,linear,56,50,1000,0.688295,0.970869,0.794823,0.973395,0.124000,0.853000,0.000000,0.874000
2,linear,57,50,1000,0.688295,0.970789,0.799043,0.973507,0.124000,0.853000,0.000000,0.876000
2,linear,58,50,1000,0.688295,0.970738,0.803555,0.973618,0.124000,0.851000,0.000000,0.877000
2,linear,59,50,1000,0.688295,0.970678,0.807897,0.973733,0.124000,0.850000,0.000000,0.877000
2,linear,60,50,1000,0.688295,0.970612,0.810847,0.973826,0.124000,0.850000,0.000000,0.878000
2,linear,61,50,1000,0.688295,0.970561,0.815028,0.973949,0.124000,0.850000,0.000000,0.878000
2,linear,62,50,1000,0.688295,0.970515,0.817860,0.974033,0.124000,0.850000,0.000000,0.879000
2,linear,63,50,1000,0.688295,0.970465,0.822143,0.974136,0.124000,0.849000,0.000000,0.881000
2,linear,64,50,1000,0.688295,0.970419,0.824891,0.974230,0.124000,0.849000,0.000000,0.880000
2,linear,65,50,1000,0.688295,0.970356,0.828019,0.974310,0.124000,0.849000,0.000000,0.879000
2,linear,66,50,1000,0.688295,0.970322,0.832144,0.974404,0.124000,0.849000,0.000000,0.882000
2,linear,67,50,1000,0.688295,0.970283,0.833712,0.974496,0.124000,0.849000,0.000000,0.883000
2,linear,68,50,1000,0.688295,0.970244,0.838365,0.974584,0.124000,0.849000,0.000000,0.883000
2,linear,69,50,1000,0.688295,0.970201,0.840922,0.974671,0.124000,0.849000,0.000000,0.883000
2,linear,70,50,1000,0.688295,0.970174,0.843567,0.974748,0.124000,0.849000,0.000000,0.884000
2,linear,71,50,1000,0.688295,0.970145,0.846384,0.974829,0.124000,0.850000,0.000000,0.884000
2,linear,72,50,1000,0.688295,0.970096,0.848704,0.974907,0.124000,0.850000,0.000000,0.886000
2,linear,73,50,1000,0.688295,0.970056,0.850347,0.974983,0.124000,0.850000,0.000000,0.886000
2,linear,74,50,1000,0.688295,0.970023,0.854272,0.975038,0.124000,0.850000,0.000000,0.886000
2,linear,75,50,1000,0.688295,0.969989,0.855929,0.975130,0.124000,0.849000,0.000000,0.887000
2,linear,76,50,1000,0.688295,0.969955,0.857731,0.975209,0.124000,0.848000,0.000000,0.887000
2,linear,77,50,1000,0.688295,0.969918,0.861740,0.975273,0.124000,0.849000,0.000000,0.889000
2,linear,78,50,1000,0.688295,0.969882,0.863905,0.975355,0.124000,0.849000,0.000000,0.890000
2,linear,79,50,1000,0.688295,0.969845,0.866064,0.975428,0.124000,0.848000,0.000000,0.892000
2,linear,80,50,1000,0.688295,0.969815,0.867075,0.975498,0.124000,0.848000,0.000000,0.892000
2,linear,81,50,1000,0.688295,0.969790,0.869166,0.975556,0.124000,0.847000,0.000000,0.892000
2,linear,82,50,1000,0.688295,0.969769,0.871846,0.975632,0.124000,0.847000,0.000000,0.892000
2,linear,83,50,1000,0.688295,0.969738,0.873360,0.975710,0.124000,0.848000,0.000000,0.893000
2,linear,84,50,1000,0.688295,0.969707,0.875246,0.975755,0.124000,0.846000,0.000000,0.893000
2,linear,85,50,1000,0.688295,0.969679,0.878176,0.975816,0.124000,0.845000,0.000000,0.897000
2,linear,86,50,1000,0.688295,0.969652,0.877860,0.975878,0.124000,0.845000,0.000000,0.897000
2,linear,87,50,1000,0.688295,0.969615,0.880482,0.975936,0.124000,0.844000,0.000000,0.898000
2,linear,88,50,1000,0.688295,0.969567,0.882456,0.975976,0.124000,0.845000,0.000000,0.898000
2,linear,89,50,1000,0.688295,0.969549,0.883922,0.976029,0.124000,0.845000,0.000000,0.900000
2,linear,90,50,1000,0.688295,0.969540,0.885527,0.976081,0.124000,0.844000,0.000000,0.900000
2,linear,91,50,1000,0.688295,0.969512,0.886804,0.976125,0.124000,0.844000,0.001000,0.900000
2,linear,92,50,1000,0.688295,0.969494,0.889179,0.976168,0.124000,0.844000,0.000000,0.900000
2,linear,93,50,1000,0.688295,0.969447,0.890255,0.976212,0.124000,0.845000,0.000000,0.900000
2,linear,94,50,1000,0.688295,0.969434,0.890710,0.976263,0.124000,0.845000,0.001000,0.900000
2,linear,95,50,1000,0.688295,0.969405,0.892781,0.976306,0.124000,0.845000,0.000000,0.900000
2,linear,96,50,1000,0.688295,0.969384,0.893558,0.976363,0.124000,0.845000,0.001000,0.900000
2,linear,97,50,1000,0.688295,0.969364,0.895373,0.976413,0.124000,0.845000,0.000000,0.900000
2,linear,98,50,1000,0.688295,0.969336,0.896922,0.976455,0.124000,0.844000,0.000000,0.899000
2,linear,99,50,1000,0.688295,0.969311,0.897824,0.976510,0.124000,0.844000,0.000000,0.899000
2,linear,100,50,1000,0.688295,0.969298,0.899389,0.976541,0.124000,0.844000,0.000000,0.900000
2,linear,101,50,1000,0.688295,0.969282,0.900513,0.976590,0.124000,0.844000,0.000000,0.901000
2,linear,102,50,1000,0.688295,0.969263,0.901506,0.976630,0.124000,0.844000,0.000000,0.902000
2,linear,103,50,1000,0.688295,0.969249,0.902802,0.976656,0.124000,0.843000,0.000000,0.902000
2,linear,104,50,1000,0.688295,0.969222,0.904021,0.976700,0.124000,0.843000,0.000000,0.902000
2,linear,105,50,1000,0.688295,0.969202,0.905584,0.976730,0.124000,0.843000,0.001000,0.902000
2,linear,106,50,1000,0.688295,0.969189,0.906091,0.976747,0.124000,0.843000,0.000000,0.902000
2,linear,107,50,1000,0.688295,0.969164,0.907422,0.976789,0.124000,0.843000,0.001000,0.902000
2,linear,108,50,1000,0.688295,0.969144,0.908972,0.976818,0.124000,0.843000,0.001000,0.902000
2,linear,109,50,1000,0.688295,0.969134,0.909824,0.976862,0.124000,0.843000,0.000000,0.902000
2,linear,110,50,1000,0.688295,0.969114,0.910202,0.976904,0.124000,0.843000,0.002000,0.902000
2,linear,111,50,1000,0.688295,0.969106,0.911486,0.976941,0.124000,0.843000,0.002000,0.902000
2,linear,112,50,1000,0.688295,0.969090,0.912279,0.976979,0.124000,0.843000,0.000000,0.902000
2,linear,113,50,1000,0.688295,0.969081,0.913204,0.977016,0.124000,0.843000,0.001000,0.902000
2,linear,114,50,1000,0.688295,0.969064,0.914519,0.977047,0.124000,0.843000,0.001000,0.902000
2,linear,115,50,1000,0.688295,0.969043,0.914717,0.977086,0.124000,0.843000,0.001000,0.901000
2,linear,116,50,1000,0.688295,0.969029,0.915506,0.977130,0.124000,0.843000,0.002000,0.901000
2,linear,117,50,1000,0.688295,0.969011,0.915907,0.977166,0.124000,0.842000,0.003000,0.902000
2,linear,118,50,1000,0.688295,0.968993,0.917732,0.977197,0.124000,0.841000,0.000000,0.902000
2,linear,119,50,1000,0.688295,0.968980,0.918216,0.977217,0.124000,0.841000,0.002000,0.903000
2,linear,120,50,1000,0.688295,0.968962,0.918899,0.977256,0.124000,0.841000,0.003000,0.903000
2,linear,121,50,1000,0.688295,0.968949,0.919641,0.977293,0.124000,0.840000,0.002000,0.903000
2,linear,122,50,1000,0.688295,0.968931,0.920536,0.977309,0.124000,0.840000,0.002000,0.903000
2,linear,123,50,1000,0.688295,0.968922,0.921411,0.977349,0.124000,0.840000,0.002000,0.905000
2,linear,124,50,1000,0.688295,0.968911,0.921969,0.977376,0.124000,0.840000,0.003000,0.905000
2,linear,125,50,1000,0.688295,0.968896,0.922086,0.977407,0.124000,0.840000,0.003000,0.905000
2,linear,126,50,1000,0.688295,0.968893,0.923089,0.977433,0.124000,0.840000,0.003000,0.905000
2,linear,127,50,1000,0.688295,0.968877,0.924211,0.977453,0.124000,0.840000,0.001000,0.905000
2,linear,128,50,1000,0.688295,0.968869,0.924460,0.977481,0.124000,0.840000,0.004000,0.905000
2,linear,129,50,1000,0.688295,0.968859,0.925296,0.977512,0.124000,0.840000,0.006000,0.906000
2,linear,130,50,1000,0.688295,0.968844,0.925844,0.977540,0.124000,0.840000,0.006000,0.907000
2,linear,131,50,1000,0.688295,0.968838,0.926477,0.977564,0.124000,0.840000,0.008000,0.907000
2,linear,132,50,1000,0.688295,0.968828,0.926838,0.977589,0.124000,0.840000,0.008000,0.907000
2,linear,133,50,1000,0.688295,0.968819,0.928061,0.977611,0.124000,0.840000,0.011000,0.907000
2,linear,134,50,1000,0.688295,0.968818,0.928268,0.977641,0.124000,0.840000,0.009000,0.907000
2,linear,135,50,1000,0.688295,0.968802,0.929371,0.977665,0.124000,0.840000,0.010000,0.907000
2,linear,136,50,1000,0.688295,0.968795,0.929479,0.977684,0.124000,0.840000,0.006000,0.907000
2,linear,137,50,1000,0.688295,0.968780,0.930218,0.977708,0.124000,0.840000,0.010000,0.907000
2,linear,138,50,1000,0.688295,0.968768,0.930582,0.977726,0.124000,0.840000,0.013000,0.907000
2,linear,139,50,1000,0.688295,0.968754,0.931167,0.977753,0.124000,0.840000,0.008000,0.907000
2,linear,140,50,1000,0.688295,0.968741,0.931176,0.977771,0.124000,0.840000,0.018000,0.907000
2,linear,141,50,1000,0.688295,0.968734,0.932218,0.977802,0.124000,0.840000,0.016000,0.908000
2,linear,142,50,1000,0.688295,0.968722,0.932267,0.977833,0.124000,0.840000,0.018000,0.908000
2,linear,143,50,1000,0.688295,0.968709,0.933031,0.977851,0.124000,0.840000,0.008000,0.908000
2,linear,144,50,1000,0.688295,0.968697,0.933571,0.977883,0.124000,0.840000,0.015000,0.907000
2,linear,145,50,1000,0.688295,0.968692,0.934278,0.977905,0.124000,0.840000,0.023000,0.908000
2,linear,146,50,1000,0.688295,0.968683,0.934605,0.977928,0.124000,0.840000,0.013000,0.908000
2,linear,147,50,1000,0.688295,0.968678,0.934702,0.977947,0.124000,0.840000,0.018000,0.908000
2,linear,148,50,1000,0.688295,0.968665,0.935056,0.977963,0.124000,0.840000,0.027000,0.908000
2,linear,149,50,1000,0.688295,0.968656,0.936183,0.977984,0.124000,0.840000,0.022000,0.908000
2,linear,150,50,1000,0.688295,0.968647,0.935887,0.978003,0.124000,0.840000,0.024000,0.908000
2,linear,151,50,1000,0.688295,0.968641,0.936588,0.978024,0.124000,0.840000,0.024000,0.908000
2,linear,152,50,1000,0.688295,0.968637,0.937066,0.978037,0.124000,0.840000,0.022000,0.908000
2,linear,153,50,1000,0.688295,0.968631,0.937583,0.978049,0.124000,0.840000,0.023000,0.908000
2,linear,154,50,1000,0.688295,0.968622,0.938140,0.978061,0.124000,0.840000,0.029000,0.909000
2,linear,155,50,1000,0.688295,0.968614,0.938295,0.978075,0.124000,0.840000,0.034000,0.909000
2,linear,156,50,1000,0.688295,0.968607,0.938363,0.978097,0.124000,0.840000,0.031000,0.909000
2,linear,157,50,1000,0.688295,0.968597,0.938915,0.978117,0.124000,0.840000,0.040000,0.909000
2,linear,158,50,1000,0.688295,0.968588,0.939248,0.978137,0.124000,0.840000,0.034000,0.909000
2,linear,159,50,1000,0.688295,0.968580,0.939935,0.978153,0.124000,0.840000,0.036000,0.910000
2,linear,160,50,1000,0.688295,0.968568,0.940071,0.978167,0.124000,0.840000,0.029000,0.910000
2,linear,161,50,1000,0.688295,0.968565,0.940696,0.978180,0.124000,0.840000,0.037000,0.910000
2,linear,162,50,1000,0.688295,0.968559,0.940467,0.978193,0.124000,0.840000,0.042000,0.911000
2,linear,163,50,1000,0.688295,0.968545,0.941468,0.978206,0.124000,0.840000,0.041000,0.911000
2,linear,164,50,1000,0.688295,0.968540,0.941584,0.978220,0.124000,0.840000,0.033000,0.911000
2,linear,165,50,1000,0.688295,0.968535,0.941549,0.978242,0.124000,0.839000,0.042000,0.911000
2,linear,166,50,1000,0.688295,0.968527,0.942376,0.978244,0.124000,0.839000,0.052000,0.911000
2,linear,167,50,1000,0.688295,0.968522,0.942696,0.978256,0.124000,0.838000,0.045000,0.911000
2,linear,168,50,1000,0.688295,0.968515,0.943364,0.978278,0.124000,0.838000,0.055000,0.911000
2,linear,169,50,1000,0.688295,0.968509,0.943311,0.978291,0.124000,0.837000,0.051000,0.911000
2,linear,170,50,1000,0.688295,0.968504,0.943583,0.978307,0.124000,0.837000,0.061000,0.911000
2,linear,171,50,1000,0.688295,0.968499,0.943618,0.978322,0.124000,0.837000,0.059000,0.911000
2,linear,172,50,1000,0.688295,0.968487,0.944321,0.978337,0.124000,0.837000,0.063000,0.911000
2,linear,173,50,1000,0.688295,0.968478,0.944358,0.978348,0.124000,0.837000,0.061000,0.911000
2,linear,174,50,1000,0.688295,0.968470,0.944628,0.978358,0.124000,0.837000,0.058000,0.912000
2,linear,175,50,1000,0.688295,0.968465,0.945266,0.978376,0.124000,0.837000,0.057000,0.912000
2,linear,176,50,1000,0.688295,0.968460,0.944909,0.978396,0.124000,0.837000,0.057000,0.912000
2,linear,177,50,1000,0.688295,0.968456,0.945895,0.978403,0.124000,0.837000,0.074000,0.912000
2,linear,178,50,1000,0.688295,0.968453,0.946033,0.978425,0.124000,0.837000,0.074000,0.912000
2,linear,179,50,1000,0.688295,0.968443,0.946026,0.978442,0.124000,0.837000,0.088000,0.912000
2,linear,180,50,1000,0.688295,0.968438,0.946570,0.978460,0.124000,0.837000,0.078000,0.912000
2,linear,181,50,1000,0.688295,0.968428,0.946815,0.978481,0.124000,0.837000,0.080000,0.912000
2,linear,182,50,1000,0.688295,0.968424,0.946649,0.978492,0.124000,0.837000,0.076000,0.912000
2,linear,183,50,1000,0.688295,0.968418,0.947017,0.978512,0.124000,0.837000,0.086000,0.912000
2,linear,184,50,1000,0.688295,0.968416,0.947157,0.978521,0.124000,0.837000,0.081000,0.912000
2,linear,185,50,1000,0.688295,0.968409,0.947641,0.978536,0.124000,0.837000,0.076000,0.912000
2,linear,186,50,1000,0.688295,0.968407,0.948031,0.978543,0.124000,0.837000,0.086000,0.912000
2,linear,187,50,1000,0.688295,0.968401,0.948164,0.978556,0.124000,0.837000,0.089000,0.912000
2,linear,188,50,1000,0.688295,0.968394,0.948516,0.978565,0.124000,0.837000,0.090000,0.912000
2,linear,189,50,1000,0.688295,0.968389,0.948421,0.978577,0.124000,0.837000,0.098000,0.912000
2,linear,190,50,1000,0.688295,0.968386,0.949220,0.978585,0.124000,0.837000,0.088000,0.912000
2,linear,191,50,1000,0.688295,0.968380,0.948913,0.978598,0.124000,0.837000,0.084000,0.912000
2,linear,192,50,1000,0.688295,0.968375,0.949398,0.978611,0.124000,0.837000,0.095000,0.912000
2,linear,193,50,1000,0.688295,0.968370,0.949153,0.978633,0.124000,0.837000,0.102000,0.912000
2,linear,194,50,1000,0.688295,0.968368,0.949727,0.978647,0.124000,0.837000,0.093000,0.912000
2,linear,195,50,1000,0.688295,0.968367,0.949869,0.978660,0.124000,0.837000,0.100000,0.912000
2,linear,196,50,1000,0.688295,0.968360,0.950105,0.978669,0.124000,0.837000,0.108000,0.912000
2,linear,197,50,1000,0.688295,0.968355,0.950536,0.978685,0.124000,0.837000,0.112000,0.912000
2,linear,198,50,1000,0.688295,0.968348,0.950221,0.978696,0.124000,0.837000,0.101000,0.912000
2,linear,199,50,1000,0.688295,0.968346,0.950647,0.978706,0.124000,0.837000,0.123000,0.912000
2,linear,200,50,1000,0.688295,0.968338,0.950816,0.978722,0.124000,0.837000,0.117000,0.913000
2,concave,2,50,1000,0.823706,0.845833,0.025420,0.803003,0.375000,0.569000,0.000000,0.514000
2,concave,3,50,1000,0.823706,0.903635,0.049149,0.839670,0.375000,0.658000,0.000000,0.556000
2,concave,4,50,1000,0.823706,0.937037,0.082639,0.863559,0.375000,0.707000,0.000000,0.585000
2,concave,5,50,1000,0.823706,0.955891,0.104957,0.879567,0.375000,0.747000,0.000000,0.615000
2,concave,6,50,1000,0.823706,0.966208,0.135081,0.891121,0.375000,0.777000,0.000000,0.630000
2,concave,7,50,1000,0.823706,0.971435,0.159467,0.899851,0.375000,0.794000,0.000000,0.648000
2,concave,8,50,1000,0.823706,0.973945,0.186063,0.906860,0.375000,0.813000,0.000000,0.659000
2,concave,9,50,1000,0.823706,0.974847,0.209270,0.912608,0.375000,0.821000,0.000000,0.669000
2,concave,10,50,1000,0.823706,0.975001,0.234689,0.917548,0.375000,0.827000,0.000000,0.678000
2,concave,11,50,1000,0.823706,0.974570,0.255504,0.921480,0.375000,0.833000,0.000000,0.688000
2,concave,12,50,1000,0.823706,0.973799,0.279447,0.924992,0.375000,0.840000,0.000000,0.694000
2,concave,13,50,1000,0.823706,0.972986,0.300020,0.928036,0.375000,0.848000,0.000000,0.700000
2,concave,14,50,1000,0.823706,0.972133,0.324631,0.930824,0.375000,0.854000,0.000000,0.702000
2,concave,15,50,1000,0.823706,0.971406,0.342297,0.933205,0.375000,0.850000,0.000000,0.707000
2,concave,16,50,1000,0.823706,0.970568,0.360327,0.935238,0.375000,0.852000,0.000000,0.712000
2,concave,17,50,1000,0.823706,0.969764,0.379251,0.937153,0.375000,0.852000,0.000000,0.715000
2,concave,18,50,1000,0.823706,0.968945,0.396649,0.938897,0.375000,0.850000,0.000000,0.718000
2,concave,19,50,1000,0.823706,0.968273,0.411731,0.940496,0.375000,0.846000,0.000000,0.724000
2,concave,20,50,1000,0.823706,0.967612,0.431613,0.942001,0.375000,0.845000,0.000000,0.727000
2,concave,21,50,1000,0.823706,0.966986,0.446183,0.943304,0.375000,0.847000,0.000000,0.733000
2,concave,22,50,1000,0.823706,0.966411,0.461504,0.944553,0.375000,0.849000,0.000000,0.740000
2,concave,23,50,1000,0.823706,0.965827,0.476351,0.945653,0.375000,0.849000,0.000000,0.741000
2,concave,24,50,1000,0.823706,0.965260,0.491757,0.946713,0.375000,0.850000,0.000000,0.745000
2,concave,25,50,1000,0.823706,0.964763,0.504492,0.947683,0.375000,0.851000,0.000000,0.750000
2,concave,26,50,1000,0.823706,0.964304,0.518202,0.948616,0.375000,0.852000,0.000000,0.753000
2,concave,27,50,1000,0.823706,0.963879,0.531880,0.949480,0.375000,0.847000,0.000000,0.752000
2,concave,28,50,1000,0.823706,0.963482,0.543953,0.950290,0.375000,0.845000,0.000000,0.756000
2,concave,29,50,1000,0.823706,0.963114,0.556186,0.951024,0.375000,0.844000,0.000000,0.761000
2,concave,30,50,1000,0.823706,0.962804,0.568011,0.951670,0.375000,0.843000,0.000000,0.762000
2,concave,31,50,1000,0.823706,0.962510,0.576958,0.952356,0.375000,0.840000,0.000000,0.764000
2,concave,32,50,1000,0.823706,0.962201,0.590055,0.952992,0.375000,0.838000,0.000000,0.770000
2,concave,33,50,1000,0.823706,0.961886,0.598943,0.953549,0.375000,0.838000,0.000000,0.772000
2,concave,34,50,1000,0.823706,0.961602,0.610071,0.954131,0.375000,0.836000,0.000000,0.774000
2,concave,35,50,1000,0.823706,0.961349,0.618846,0.954636,0.375000,0.833000,0.000000,0.778000
2,concave,36,50,1000,0.823706,0.961099,0.629837,0.955118,0.375000,0.834000,0.000000,0.780000
2,concave,37,50,1000,0.823706,0.960887,0.635260,0.955614,0.375000,0.829000,0.000000,0.782000
2,concave,38,50,1000,0.823706,0.960666,0.646483,0.956087,0.375000,0.826000,0.000000,0.783000
2,concave,39,50,1000,0.823706,0.960464,0.654282,0.956576,0.375000,0.825000,0.000000,0.783000
2,concave,40,50,1000,0.823706,0.960250,0.663363,0.957002,0.375000,0.827000,0.000000,0.782000
2,concave,41,50,1000,0.823706,0.960064,0.669135,0.957403,0.375000,0.827000,0.000000,0.785000
2,concave,42,50,1000,0.823706,0.959869,0.679888,0.957773,0.375000,0.825000,0.000000,0.786000
2,concave,43,50,1000,0.823706,0.959712,0.687344,0.958161,0.375000,0.823000,0.000000,0.791000
2,concave,44,50,1000,0.823706,0.959527,0.690611,0.958548,0.375000,0.822000,0.000000,0.792000
2,concave,45,50,1000,0.823706,0.959354,0.700499,0.958869,0.375000,0.821000,0.000000,0.792000
2,concave,46,50,1000,0.823706,0.959207,0.706109,0.959233,0.375000,0.818000,0.000000,0.793000
2,concave,47,50,1000,0.823706,0.959056,0.711892,0.959559,0.375000,0.816000,0.000000,0.793000
2,concave,48,50,1000,0.823706,0.958900,0.719248,0.959873,0.375000,0.814000,0.000000,0.795000
2,concave,49,50,1000,0.823706,0.958753,0.725085,0.960171,0.375000,0.815000,0.000000,0.797000
2,concave,50,50,1000,0.823706,0.958624,0.730390,0.960452,0.375000,0.810000,0.000000,0.798000
2,concave,51,50,1000,0.823706,0.958500,0.736519,0.960714,0.375000,0.806000,0.000000,0.801000
2,concave,52,50,1000,0.823706,0.958383,0.742683,0.960974,0.375000,0.804000,0.000000,0.801000
2,concave,53,50,1000,0.823706,0.958250,0.745355,0.961250,0.375000,0.799000,0.000000,0.803000
2,concave,54,50,1000,0.823706,0.958136,0.751408,0.961516,0.375000,0.798000,0.000000,0.805000
2,concave,55,50,1000,0.823706,0.958021,0.755842,0.961777,0.375000,0.796000,0.000000,0.807000
2,concave,56,50,1000,0.823706,0.957913,0.761198,0.962016,0.375000,0.797000,0.000000,0.808000
2,concave,57,50,1000,0.823706,0.957810,0.766076,0.962258,0.375000,0.795000,0.000000,0.808000
2,concave,58,50,1000,0.823706,0.957699,0.769793,0.962439,0.375000,0.791000,0.000000,0.808000
2,concave,59,50,1000,0.823706,0.957594,0.775056,0.962656,0.375000,0.789000,0.000000,0.809000
2,concave,60,50,1000,0.823706,0.957504,0.779250,0.962838,0.375000,0.789000,0.000000,0.811000
2,concave,61,50,1000,0.823706,0.957440,0.783853,0.963032,0.375000,0.787000,0.000000,0.812000
2,concave,62,50,1000,0.823706,0.957340,0.787931,0.963241,0.375000,0.785000,0.000000,0.813000
2,concave,63,50,1000,0.823706,0.957250,0.791067,0.963437,0.375000,0.782000,0.000000,0.815000
2,concave,64,50,1000,0.823706,0.957163,0.795073,0.963592,0.375000,0.782000,0.000000,0.817000
2,concave,65,50,1000,0.823706,0.957082,0.798054,0.963780,0.375000,0.781000,0.000000,0.818000
2,concave,66,50,1000,0.823706,0.956998,0.803339,0.963981,0.375000,0.781000,0.000000,0.818000
2,concave,67,50,1000,0.823706,0.956918,0.805410,0.964153,0.375000,0.779000,0.000000,0.821000
2,concave,68,50,1000,0.823706,0.956834,0.810370,0.964300,0.375000,0.777000,0.000000,0.822000
2,concave,69,50,1000,0.823706,0.956762,0.810776,0.964462,0.375000,0.776000,0.000000,0.823000
2,concave,70,50,1000,0.823706,0.956704,0.815140,0.964633,0.375000,0.775000,0.000000,0.825000
2,concave,71,50,1000,0.823706,0.956635,0.819143,0.964776,0.375000,0.773000,0.000000,0.827000
2,concave,72,50,1000,0.823706,0.956563,0.821853,0.964887,0.375000,0.772000,0.000000,0.827000
2,concave,73,50,1000,0.823706,0.956500,0.824291,0.965024,0.375000,0.770000,0.000000,0.827000
2,concave,74,50,1000,0.823706,0.956435,0.827592,0.965177,0.375000,0.772000,0.000000,0.828000
2,concave,75,50,1000,0.823706,0.956357,0.830264,0.965291,0.375000,0.771000,0.000000,0.828000
2,concave,76,50,1000,0.823706,0.956310,0.832684,0.965431,0.375000,0.769000,0.000000,0.827000
2,concave,77,50,1000,0.823706,0.956252,0.835791,0.965559,0.375000,0.767000,0.000000,0.827000
2,concave,78,50,1000,0.823706,0.956183,0.837492,0.965684,0.375000,0.764000,0.000000,0.827000
2,concave,79,50,1000,0.823706,0.956127,0.840860,0.965790,0.375000,0.763000,0.000000,0.829000
2,concave,80,50,1000,0.823706,0.956083,0.841203,0.965911,0.375000,0.762000,0.000000,0.827000
2,concave,81,50,1000,0.823706,0.956024,0.845481,0.966017,0.375000,0.760000,0.000000,0.830000
2,concave,82,50,1000,0.823706,0.955976,0.847445,0.966111,0.375000,0.759000,0.000000,0.831000
2,concave,83,50,1000,0.823706,0.955928,0.849191,0.966216,0.375000,0.757000,0.000000,0.832000
2,concave,84,50,1000,0.823706,0.955887,0.850980,0.966342,0.375000,0.756000,0.000000,0.835000
2,concave,85,50,1000,0.823706,0.955836,0.854357,0.966456,0.375000,0.755000,0.000000,0.836000
2,concave,86,50,1000,0.823706,0.955786,0.856372,0.966547,0.375000,0.755000,0.000000,0.837000
2,concave,87,50,1000,0.823706,0.955739,0.857374,0.966652,0.375000,0.756000,0.000000,0.837000
2,concave,88,50,1000,0.823706,0.955691,0.860069,0.966751,0.375000,0.755000,0.000000,0.837000
2,concave,89,50,1000,0.823706,0.955656,0.860732,0.966827,0.375000,0.755000,0.000000,0.837000
2,concave,90,50,1000,0.823706,0.955603,0.864772,0.966919,0.375000,0.752000,0.000000,0.838000
2,concave,91,50,1000,0.823706,0.955558,0.864324,0.967007,0.375000,0.751000,0.000000,0.838000
2,concave,92,50,1000,0.823706,0.955509,0.867805,0.967091,0.375000,0.750000,0.000000,0.839000
2,concave,93,50,1000,0.823706,0.955470,0.869593,0.967187,0.375000,0.747000,0.000000,0.840000
2,concave,94,50,1000,0.823706,0.955431,0.870208,0.967268,0.375000,0.744000,0.000000,0.841000
2,concave,95,50,1000,0.823706,0.955389,0.872540,0.967362,0.375000,0.743000,0.000000,0.842000
2,concave,96,50,1000,0.823706,0.955340,0.873630,0.967441,0.375000,0.742000,0.000000,0.841000
2,concave,97,50,1000,0.823706,0.955314,0.875375,0.967526,0.375000,0.741000,0.001000,0.841000
2,concave,98,50,1000,0.823706,0.955291,0.876598,0.967607,0.375000,0.741000,0.000000,0.841000
2,concave,99,50,1000,0.823706,0.955255,0.878422,0.967696,0.375000,0.741000,0.000000,0.841000
2,concave,100,50,1000,0.823706,0.955224,0.879819,0.967767,0.375000,0.741000,0.000000,0.841000
2,concave,101,50,1000,0.823706,0.955189,0.882191,0.967821,0.375000,0.741000,0.001000,0.842000
2,concave,102,50,1000,0.823706,0.955155,0.882317,0.967893,0.375000,0.741000,0.000000,0.841000
2,concave,103,50,1000,0.823706,0.955128,0.883882,0.967953,0.375000,0.741000,0.000000,0.842000
2,concave,104,50,1000,0.823706,0.955096,0.885732,0.968044,0.375000,0.740000,0.000000,0.842000
2,concave,105,50,1000,0.823706,0.955064,0.886051,0.968129,0.375000,0.739000,0.000000,0.842000
2,concave,106,50,1000,0.823706,0.955029,0.887758,0.968207,0.375000,0.739000,0.000000,0.844000
2,concave,107,50,1000,0.823706,0.954993,0.888991,0.968278,0.375000,0.734000,0.000000,0.844000
2,concave,108,50,1000,0.823706,0.954976,0.890970,0.968334,0.375000,0.733000,0.000000,0.844000
2,concave,109,50,1000,0.823706,0.954942,0.891947,0.968401,0.375000,0.735000,0.001000,0.843000
2,concave,110,50,1000,0.823706,0.954918,0.893705,0.968469,0.375000,0.734000,0.000000,0.843000
2,concave,111,50,1000,0.823706,0.954891,0.893456,0.968529,0.375000,0.733000,0.000000,0.843000
2,concave,112,50,1000,0.823706,0.954854,0.895738,0.968608,0.375000,0.732000,0.001000,0.843000
2,concave,113,50,1000,0.823706,0.954828,0.896113,0.968682,0.375000,0.730000,0.000000,0.844000
2,concave,114,50,1000,0.823706,0.954806,0.897287,0.968742,0.375000,0.729000,0.000000,0.846000
2,concave,115,50,1000,0.823706,0.954770,0.898267,0.968798,0.375000,0.728000,0.002000,0.847000
2,concave,116,50,1000,0.823706,0.954730,0.899228,0.968868,0.375000,0.728000,0.000000,0.847000
2,concave,117,50,1000,0.823706,0.954705,0.900838,0.968921,0.375000,0.727000,0.000000,0.847000
2,concave,118,50,1000,0.823706,0.954682,0.900866,0.968998,0.375000,0.726000,0.000000,0.847000
2,concave,119,50,1000,0.823706,0.954653,0.902602,0.969059,0.375000,0.724000,0.000000,0.848000
2,concave,120,50,1000,0.823706,0.954624,0.903740,0.969114,0.375000,0.724000,0.001000,0.848000
2,concave,121,50,1000,0.823706,0.954604,0.904612,0.969165,0.375000,0.723000,0.001000,0.848000
2,concave,122,50,1000,0.823706,0.954577,0.905334,0.969226,0.375000,0.724000,0.000000,0.848000
2,concave,123,50,1000,0.823706,0.954549,0.906314,0.969278,0.375000,0.722000,0.000000,0.849000
2,concave,124,50,1000,0.823706,0.954527,0.906438,0.969334,0.375000,0.722000,0.002000,0.849000
2,concave,125,50,1000,0.823706,0.954499,0.907116,0.969384,0.375000,0.720000,0.004000,0.849000
2,concave,126,50,1000,0.823706,0.954482,0.909109,0.969430,0.375000,0.720000,0.000000,0.850000
2,concave,127,50,1000,0.823706,0.954458,0.909265,0.969484,0.375000,0.719000,0.001000,0.850000
2,concave,128,50,1000,0.823706,0.954427,0.910180,0.969528,0.375000,0.718000,0.004000,0.850000
2,concave,129,50,1000,0.823706,0.954400,0.910961,0.969572,0.375000,0.717000,0.002000,0.850000
2,concave,130,50,1000,0.823706,0.954382,0.911781,0.969613,0.375000,0.717000,0.005000,0.850000
2,concave,131,50,1000,0.823706,0.954371,0.912483,0.969659,0.375000,0.717000,0.001000,0.850000
2,concave,132,50,1000,0.823706,0.954344,0.913571,0.969696,0.375000,0.715000,0.000000,0.850000
2,concave,133,50,1000,0.823706,0.954330,0.914384,0.969741,0.375000,0.715000,0.006000,0.850000
2,concave,134,50,1000,0.823706,0.954307,0.914832,0.969778,0.375000,0.714000,0.001000,0.850000
2,concave,135,50,1000,0.823706,0.954292,0.915463,0.969824,0.375000,0.714000,0.003000,0.851000
2,concave,136,50,1000,0.823706,0.954270,0.916366,0.969878,0.375000,0.713000,0.003000,0.851000
2,concave,137,50,1000,0.823706,0.954251,0.917457,0.969926,0.375000,0.713000,0.002000,0.852000
2,concave,138,50,1000,0.823706,0.954236,0.917516,0.969969,0.375000,0.713000,0.004000,0.852000
2,concave,139,50,1000,0.823706,0.954212,0.918351,0.970015,0.375000,0.712000,0.002000,0.851000
2,concave,140,50,1000,0.823706,0.954198,0.918806,0.970055,0.375000,0.713000,0.004000,0.852000
2,concave,141,50,1000,0.823706,0.954174,0.919969,0.970088,0.375000,0.712000,0.006000,0.854000
2,concave,142,50,1000,0.823706,0.954145,0.919677,0.970135,0.375000,0.711000,0.004000,0.855000
2,concave,143,50,1000,0.823706,0.954135,0.920550,0.970172,0.375000,0.709000,0.004000,0.856000
2,concave,144,50,1000,0.823706,0.954120,0.921234,0.970218,0.375000,0.709000,0.012000,0.856000
2,concave,145,50,1000,0.823706,0.954096,0.921624,0.970262,0.375000,0.708000,0.007000,0.856000
2,concave,146,50,1000,0.823706,0.954082,0.922025,0.970313,0.375000,0.708000,0.009000,0.856000
2,concave,147,50,1000,0.823706,0.954065,0.923126,0.970353,0.375000,0.707000,0.008000,0.856000
2,concave,148,50,1000,0.823706,0.954048,0.923164,0.970387,0.375000,0.707000,0.007000,0.856000
2,concave,149,50,1000,0.823706,0.954030,0.924442,0.970429,0.375000,0.706000,0.007000,0.856000
2,concave,150,50,1000,0.823706,0.954018,0.924460,0.970460,0.375000,0.706000,0.004000,0.856000
2,concave,151,50,1000,0.823706,0.954000,0.925266,0.970497,0.375000,0.706000,0.012000,0.856000
2,concave,152,50,1000,0.823706,0.953990,0.925954,0.970533,0.375000,0.706000,0.008000,0.857000
2,concave,153,50,1000,0.823706,0.953975,0.925723,0.970559,0.375000,0.706000,0.008000,0.858000
2,concave,154,50,1000,0.823706,0.953956,0.926378,0.970589,0.375000,0.706000,0.009000,0.859000
2,concave,155,50,1000,0.823706,0.953941,0.926963,0.970632,0.375000,0.706000,0.014000,0.861000
2,concave,156,50,1000,0.823706,0.953923,0.927457,0.970680,0.375000,0.706000,0.009000,0.861000
2,concave,157,50,1000,0.823706,0.953905,0.928032,0.970710,0.375000,0.706000,0.018000,0.861000
2,concave,158,50,1000,0.823706,0.953889,0.928758,0.970744,0.375000,0.706000,0.010000,0.863000
2,concave,159,50,1000,0.823706,0.953878,0.928856,0.970784,0.375000,0.706000,0.010000,0.863000
2,concave,160,50,1000,0.823706,0.953866,0.929429,0.970824,0.375000,0.706000,0.008000,0.864000
2,concave,161,50,1000,0.823706,0.953854,0.929762,0.970843,0.375000,0.705000,0.015000,0.864000
2,concave,162,50,1000,0.823706,0.953842,0.929929,0.970872,0.375000,0.705000,0.013000,0.864000
2,concave,163,50,1000,0.823706,0.953833,0.930324,0.970918,0.375000,0.705000,0.023000,0.864000
2,concave,164,50,1000,0.823706,0.953817,0.931223,0.970949,0.375000,0.705000,0.019000,0.864000
2,concave,165,50,1000,0.823706,0.953803,0.931318,0.970976,0.375000,0.705000,0.022000,0.864000
2,concave,166,50,1000,0.823706,0.953785,0.932083,0.971000,0.375000,0.705000,0.017000,0.864000
2,concave,167,50,1000,0.823706,0.953771,0.932332,0.971027,0.375000,0.704000,0.023000,0.864000
2,concave,168,50,1000,0.823706,0.953759,0.933224,0.971056,0.375000,0.704000,0.015000,0.864000
2,concave,169,50,1000,0.823706,0.953740,0.932740,0.971085,0.375000,0.704000,0.015000,0.864000
2,concave,170,50,1000,0.823706,0.953731,0.933919,0.971126,0.375000,0.704000,0.019000,0.864000
2,concave,171,50,1000,0.823706,0.953716,0.933641,0.971159,0.375000,0.703000,0.023000,0.866000
2,concave,172,50,1000,0.823706,0.953710,0.934490,0.971189,0.375000,0.703000,0.029000,0.866000
2,concave,173,50,1000,0.823706,0.953701,0.934982,0.971212,0.375000,0.703000,0.022000,0.866000
2,concave,174,50,1000,0.823706,0.953687,0.935547,0.971244,0.375000,0.703000,0.019000,0.866000
2,concave,175,50,1000,0.823706,0.953676,0.935171,0.971269,0.375000,0.703000,0.019000,0.866000
2,concave,176,50,1000,0.823706,0.953669,0.935668,0.971297,0.375000,0.703000,0.028000,0.866000
2,concave,177,50,1000,0.823706,0.953662,0.936334,0.971316,0.375000,0.702000,0.022000,0.867000
2,concave,178,50,1000,0.823706,0.953652,0.936149,0.971349,0.375000,0.702000,0.033000,0.867000
2,concave,179,50,1000,0.823706,0.953641,0.937313,0.971371,0.375000,0.701000,0.030000,0.867000
2,concave,180,50,1000,0.823706,0.953632,0.936845,0.971405,0.375000,0.700000,0.030000,0.867000
2,concave,181,50,1000,0.823706,0.953621,0.937427,0.971427,0.375000,0.700000,0.030000,0.867000
2,concave,182,50,1000,0.823706,0.953614,0.937793,0.971443,0.375000,0.699000,0.033000,0.870000
2,concave,183,50,1000,0.823706,0.953607,0.938161,0.971473,0.375000,0.698000,0.041000,0.872000
2,concave,184,50,1000,0.823706,0.953598,0.938311,0.971492,0.375000,0.697000,0.027000,0.872000
2,concave,185,50,1000,0.823706,0.953586,0.938770,0.971524,0.375000,0.697000,0.032000,0.872000
2,concave,186,50,1000,0.823706,0.953577,0.938962,0.971551,0.375000,0.697000,0.031000,0.873000
2,concave,187,50,1000,0.823706,0.953567,0.939455,0.971571,0.375000,0.697000,0.041000,0.873000
2,concave,188,50,1000,0.823706,0.953560,0.939282,0.971593,0.375000,0.697000,0.037000,0.873000
2,concave,189,50,1000,0.823706,0.953544,0.940167,0.971623,0.375000,0.695000,0.037000,0.873000
2,concave,190,50,1000,0.823706,0.953537,0.940242,0.971648,0.375000,0.695000,0.041000,0.873000
2,concave,191,50,1000,0.823706,0.953529,0.940229,0.971668,0.375000,0.695000,0.047000,0.873000
2,concave,192,50,1000,0.823706,0.953513,0.940394,0.971692,0.375000,0.695000,0.059000,0.874000
2,concave,193,50,1000,0.823706,0.953503,0.940364,0.971714,0.375000,0.695000,0.035000,0.874000
2,concave,194,50,1000,0.823706,0.953492,0.941718,0.971734,0.375000,0.695000,0.042000,0.874000
2,concave,195,50,1000,0.823706,0.953484,0.941038,0.971757,0.375000,0.695000,0.040000,0.875000
2,concave,196,50,1000,0.823706,0.953478,0.941650,0.971764,0.375000,0.695000,0.038000,0.875000
2,concave,197,50,1000,0.823706,0.953466,0.942077,0.971779,0.375000,0.695000,0.046000,0.875000
2,concave,198,50,1000,0.823706,0.953453,0.942070,0.971806,0.375000,0.695000,0.058000,0.875000
2,concave,199,50,1000,0.823706,0.953450,0.942576,0.971817,0.375000,0.695000,0.058000,0.875000
2,concave,200,50,1000,0.823706,0.953441,0.943136,0.971839,0.375000,0.695000,0.045000,0.876000
2,convex,2,50,1000,0.479376,0.818835,0.017352,0.774931,0.048000,0.458000,0.000000,0.410000
2,convex,3,50,1000,0.479376,0.879922,0.040818,0.811450,0.048000,0.531000,0.000000,0.448000
2,convex,4,50,1000,0.479376,0.916791,0.070171,0.836181,0.048000,0.571000,0.000000,0.475000
2,convex,5,50,1000,0.479376,0.938540,0.094958,0.853248,0.048000,0.611000,0.000000,0.498000
2,convex,6,50,1000,0.479376,0.951713,0.122613,0.865806,0.048000,0.641000,0.000000,0.515000
2,convex,7,50,1000,0.479376,0.959482,0.148224,0.875667,0.048000,0.660000,0.000000,0.529000
2,convex,8,50,1000,0.479376,0.963767,0.174216,0.883695,0.048000,0.676000,0.000000,0.537000
2,convex,9,50,1000,0.479376,0.966190,0.199280,0.890229,0.048000,0.684000,0.000000,0.550000
2,convex,10,50,1000,0.479376,0.967523,0.225673,0.895800,0.048000,0.699000,0.000000,0.554000
2,convex,11,50,1000,0.479376,0.968093,0.249446,0.900549,0.048000,0.711000,0.000000,0.558000
2,convex,12,50,1000,0.479376,0.968219,0.273398,0.904662,0.048000,0.719000,0.000000,0.566000
2,convex,13,50,1000,0.479376,0.967998,0.296400,0.908300,0.048000,0.724000,0.000000,0.573000
2,convex,14,50,1000,0.479376,0.967599,0.319618,0.911495,0.048000,0.733000,0.000000,0.577000
2,convex,15,50,1000,0.479376,0.967167,0.341298,0.914322,0.048000,0.734000,0.000000,0.583000
2,convex,16,50,1000,0.479376,0.966761,0.361324,0.916966,0.048000,0.739000,0.000000,0.589000
2,convex,17,50,1000,0.479376,0.966225,0.382753,0.919417,0.048000,0.736000,0.000000,0.591000
2,convex,18,50,1000,0.479376,0.965662,0.401209,0.921606,0.048000,0.740000,0.000000,0.592000
2,convex,19,50,1000,0.479376,0.965167,0.418567,0.923527,0.048000,0.742000,0.000000,0.596000
2,convex,20,50,1000,0.479376,0.964647,0.435145,0.925344,0.048000,0.743000,0.000000,0.603000
2,convex,21,50,1000,0.479376,0.964134,0.452789,0.927081,0.048000,0.745000,0.000000,0.609000
2,convex,22,50,1000,0.479376,0.963619,0.469069,0.928636,0.048000,0.748000,0.000000,0.611000
2,convex,23,50,1000,0.479376,0.963145,0.482733,0.930179,0.048000,0.748000,0.000000,0.615000
2,convex,24,50,1000,0.479376,0.962703,0.496953,0.931548,0.048000,0.748000,0.000000,0.621000
2,convex,25,50,1000,0.479376,0.962268,0.509348,0.932925,0.048000,0.748000,0.000000,0.623000
2,convex,26,50,1000,0.479376,0.961821,0.522802,0.934136,0.048000,0.748000,0.000000,0.625000
2,convex,27,50,1000,0.479376,0.961439,0.535360,0.935301,0.048000,0.750000,0.000000,0.628000
2,convex,28,50,1000,0.479376,0.961022,0.545876,0.936374,0.048000,0.749000,0.000000,0.629000
2,convex,29,50,1000,0.479376,0.960639,0.557459,0.937344,0.048000,0.749000,0.000000,0.630000
2,convex,30,50,1000,0.479376,0.960267,0.566697,0.938318,0.048000,0.750000,0.000000,0.631000
2,convex,31,50,1000,0.479376,0.959958,0.578274,0.939234,0.048000,0.749000,0.000000,0.632000
2,convex,32,50,1000,0.479376,0.959625,0.587793,0.940103,0.048000,0.748000,0.000000,0.633000
2,convex,33,50,1000,0.479376,0.959309,0.596576,0.940967,0.048000,0.744000,0.000000,0.636000
2,convex,34,50,1000,0.479376,0.959026,0.606010,0.941738,0.048000,0.743000,0.000000,0.641000
2,convex,35,50,1000,0.479376,0.958716,0.614388,0.942441,0.048000,0.745000,0.000000,0.645000
2,convex,36,50,1000,0.479376,0.958433,0.622068,0.943173,0.048000,0.745000,0.000000,0.646000
2,convex,37,50,1000,0.479376,0.958157,0.631063,0.943863,0.048000,0.746000,0.000000,0.646000
2,convex,38,50,1000,0.479376,0.957924,0.636167,0.944566,0.048000,0.742000,0.000000,0.647000
2,convex,39,50,1000,0.479376,0.957720,0.643407,0.945171,0.048000,0.737000,0.000000,0.652000
2,convex,40,50,1000,0.479376,0.957527,0.650478,0.945781,0.048000,0.740000,0.000000,0.659000
2,convex,41,50,1000,0.479376,0.957314,0.657278,0.946354,0.048000,0.738000,0.000000,0.659000
2,convex,42,50,1000,0.479376,0.957138,0.662572,0.946880,0.048000,0.739000,0.000000,0.660000
2,convex,43,50,1000,0.479376,0.956949,0.668042,0.947430,0.048000,0.744000,0.000000,0.660000
2,convex,44,50,1000,0.479376,0.956785,0.673495,0.947949,0.048000,0.742000,0.000000,0.662000
2,convex,45,50,1000,0.479376,0.956625,0.679336,0.948450,0.048000,0.742000,0.000000,0.664000
2,convex,46,50,1000,0.479376,0.956447,0.684813,0.948895,0.048000,0.743000,0.000000,0.664000
2,convex,47,50,1000,0.479376,0.956312,0.689705,0.949399,0.048000,0.740000,0.000000,0.665000
2,convex,48,50,1000,0.479376,0.956127,0.695820,0.949831,0.048000,0.739000,0.000000,0.665000
2,convex,49,50,1000,0.479376,0.955962,0.700020,0.950253,0.048000,0.739000,0.000000,0.665000
2,convex,50,50,1000,0.479376,0.955824,0.704238,0.950658,0.048000,0.739000,0.000000,0.665000
2,convex,51,50,1000,0.479376,0.955685,0.706944,0.951054,0.048000,0.736000,0.000000,0.667000
2,convex,52,50,1000,0.479376,0.955531,0.712474,0.951419,0.048000,0.735000,0.000000,0.667000
2,convex,53,50,1000,0.479376,0.955411,0.717202,0.951821,0.048000,0.734000,0.000000,0.668000
2,convex,54,50,1000,0.479376,0.955280,0.721300,0.952176,0.048000,0.731000,0.000000,0.670000
2,convex,55,50,1000,0.479376,0.955162,0.725069,0.952499,0.048000,0.727000,0.000000,0.670000
2,convex,56,50,1000,0.479376,0.955043,0.728150,0.952825,0.048000,0.724000,0.000000,0.673000
2,convex,57,50,1000,0.479376,0.954928,0.731705,0.953124,0.048000,0.721000,0.000000,0.673000
2,convex,58,50,1000,0.479376,0.954800,0.735251,0.953399,0.048000,0.720000,0.000000,0.677000
2,convex,59,50,1000,0.479376,0.954706,0.737479,0.953682,0.048000,0.719000,0.000000,0.681000
2,convex,60,50,1000,0.479376,0.954604,0.742476,0.954010,0.048000,0.717000,0.000000,0.682000
2,convex,61,50,1000,0.479376,0.954497,0.744073,0.954303,0.048000,0.714000,0.000000,0.683000
2,convex,62,50,1000,0.479376,0.954387,0.747220,0.954585,0.048000,0.714000,0.000000,0.685000
2,convex,63,50,1000,0.479376,0.954276,0.750754,0.954848,0.048000,0.713000,0.000000,0.687000
2,convex,64,50,1000,0.479376,0.954192,0.754119,0.955148,0.048000,0.712000,0.000000,0.687000
2,convex,65,50,1000,0.479376,0.954100,0.755988,0.955434,0.048000,0.712000,0.000000,0.687000
2,convex,66,50,1000,0.479376,0.953998,0.758526,0.955696,0.048000,0.709000,0.000000,0.687000
2,convex,67,50,1000,0.479376,0.953920,0.761723,0.955935,0.048000,0.708000,0.000000,0.690000
2,convex,68,50,1000,0.479376,0.953836,0.764371,0.956184,0.048000,0.704000,0.000000,0.691000
2,convex,69,50,1000,0.479376,0.953746,0.766503,0.956411,0.048000,0.704000,0.000000,0.691000
2,convex,70,50,1000,0.479376,0.953673,0.768990,0.956645,0.048000,0.704000,0.000000,0.692000
2,convex,71,50,1000,0.479376,0.953587,0.771948,0.956856,0.048000,0.700000,0.000000,0.693000
2,convex,72,50,1000,0.479376,0.953514,0.774220,0.957082,0.048000,0.700000,0.000000,0.694000
2,convex,73,50,1000,0.479376,0.953452,0.777452,0.957303,0.048000,0.699000,0.000000,0.697000
2,convex,74,50,1000,0.479376,0.953377,0.779847,0.957505,0.048000,0.699000,0.000000,0.698000
2,convex,75,50,1000,0.479376,0.953303,0.781459,0.957722,0.048000,0.697000,0.000000,0.698000
2,convex,76,50,1000,0.479376,0.953225,0.783478,0.957909,0.048000,0.696000,0.000000,0.697000
2,convex,77,50,1000,0.479376,0.953169,0.785305,0.958082,0.048000,0.696000,0.000000,0.696000
2,convex,78,50,1000,0.479376,0.953120,0.787420,0.958303,0.048000,0.695000,0.000000,0.700000
2,convex,79,50,1000,0.479376,0.953051,0.788970,0.958490,0.048000,0.694000,0.000000,0.700000
2,convex,80,50,1000,0.479376,0.952986,0.791400,0.958667,0.048000,0.694000,0.000000,0.701000
2,convex,81,50,1000,0.479376,0.952935,0.793218,0.958836,0.048000,0.694000,0.000000,0.701000
2,convex,82,50,1000,0.479376,0.952874,0.795237,0.958990,0.048000,0.695000,0.000000,0.701000
2,convex,83,50,1000,0.479376,0.952820,0.797080,0.959153,0.048000,0.695000,0.000000,0.704000
2,convex,84,50,1000,0.479376,0.952761,0.799013,0.959334,0.048000,0.693000,0.000000,0.706000
2,convex,85,50,1000,0.479376,0.952705,0.800402,0.959498,0.048000,0.694000,0.000000,0.706000
2,convex,86,50,1000,0.479376,0.952653,0.801944,0.959652,0.048000,0.693000,0.000000,0.706000
2,convex,87,50,1000,0.479376,0.952595,0.803842,0.959819,0.048000,0.692000,0.000000,0.706000
2,convex,88,50,1000,0.479376,0.952534,0.804255,0.959953,0.048000,0.691000,0.001000,0.706000
2,convex,89,50,1000,0.479376,0.952478,0.806607,0.960097,0.048000,0.691000,0.000000,0.707000
2,convex,90,50,1000,0.479376,0.952422,0.807914,0.960233,0.048000,0.692000,0.000000,0.708000
2,convex,91,50,1000,0.479376,0.952357,0.809345,0.960345,0.048000,0.689000,0.000000,0.707000
2,convex,92,50,1000,0.479376,0.952313,0.811068,0.960483,0.048000,0.691000,0.000000,0.708000
2,convex,93,50,1000,0.479376,0.952259,0.812645,0.960635,0.048000,0.691000,0.000000,0.708000
2,convex,94,50,1000,0.479376,0.952236,0.814572,0.960759,0.048000,0.691000,0.000000,0.709000
2,convex,95,50,1000,0.479376,0.952192,0.816110,0.960882,0.048000,0.691000,0.000000,0.709000
2,convex,96,50,1000,0.479376,0.952150,0.816331,0.961017,0.048000,0.691000,0.000000,0.710000
2,convex,97,50,1000,0.479376,0.952116,0.817544,0.961148,0.048000,0.690000,0.000000,0.710000
2,convex,98,50,1000,0.479376,0.952067,0.818691,0.961258,0.048000,0.690000,0.000000,0.711000
2,convex,99,50,1000,0.479376,0.952031,0.820667,0.961378,0.048000,0.687000,0.000000,0.711000
2,convex,100,50,1000,0.479376,0.951987,0.821442,0.961509,0.048000,0.686000,0.000000,0.711000
2,convex,101,50,1000,0.479376,0.951947,0.822681,0.961617,0.048000,0.685000,0.000000,0.711000
2,convex,102,50,1000,0.479376,0.951916,0.823484,0.961709,0.048000,0.685000,0.001000,0.712000
2,convex,103,50,1000,0.479376,0.951882,0.824654,0.961815,0.048000,0.684000,0.000000,0.712000
2,convex,104,50,1000,0.479376,0.951838,0.825358,0.961929,0.048000,0.685000,0.000000,0.713000
2,convex,105,50,1000,0.479376,0.951806,0.826564,0.962045,0.048000,0.684000,0.001000,0.713000
2,convex,106,50,1000,0.479376,0.951770,0.828166,0.962152,0.048000,0.683000,0.000000,0.713000
2,convex,107,50,1000,0.479376,0.951739,0.828991,0.962245,0.048000,0.683000,0.000000,0.713000
2,convex,108,50,1000,0.479376,0.951704,0.830118,0.962340,0.048000,0.681000,0.000000,0.713000
2,convex,109,50,1000,0.479376,0.951665,0.831717,0.962455,0.048000,0.680000,0.000000,0.714000
2,convex,110,50,1000,0.479376,0.951638,0.832775,0.962562,0.048000,0.679000,0.000000,0.715000
2,convex,111,50,1000,0.479376,0.951607,0.833886,0.962673,0.048000,0.679000,0.000000,0.715000
2,convex,112,50,1000,0.479376,0.951581,0.834843,0.962786,0.048000,0.677000,0.000000,0.716000
2,convex,113,50,1000,0.479376,0.951559,0.834935,0.962891,0.048000,0.676000,0.000000,0.716000
2,convex,114,50,1000,0.479376,0.951519,0.836051,0.962987,0.048000,0.673000,0.000000,0.717000
2,convex,115,50,1000,0.479376,0.951465,0.837236,0.963111,0.048000,0.673000,0.000000,0.717000
2,convex,116,50,1000,0.479376,0.951438,0.838287,0.963204,0.048000,0.674000,0.000000,0.718000
2,convex,117,50,1000,0.479376,0.951412,0.839011,0.963292,0.048000,0.675000,0.000000,0.718000
2,convex,118,50,1000,0.479376,0.951380,0.840023,0.963367,0.048000,0.675000,0.000000,0.718000
2,convex,119,50,1000,0.479376,0.951356,0.841309,0.963454,0.048000,0.676000,0.001000,0.719000
2,convex,120,50,1000,0.479376,0.951327,0.842487,0.963552,0.048000,0.676000,0.001000,0.719000
2,convex,121,50,1000,0.479376,0.951289,0.842381,0.963641,0.048000,0.676000,0.000000,0.721000
2,convex,122,50,1000,0.479376,0.951269,0.843129,0.963729,0.048000,0.676000,0.000000,0.721000
2,convex,123,50,1000,0.479376,0.951242,0.844002,0.963812,0.048000,0.677000,0.000000,0.722000
2,convex,124,50,1000,0.479376,0.951217,0.844916,0.963900,0.048000,0.678000,0.001000,0.723000
2,convex,125,50,1000,0.479376,0.951185,0.845896,0.963960,0.048000,0.678000,0.000000,0.723000
2,convex,126,50,1000,0.479376,0.951156,0.846887,0.964044,0.048000,0.677000,0.000000,0.723000
2,convex,127,50,1000,0.479376,0.951127,0.847990,0.964113,0.048000,0.676000,0.001000,0.724000
2,convex,128,50,1000,0.479376,0.951096,0.848655,0.964198,0.048000,0.675000,0.000000,0.724000
2,convex,129,50,1000,0.479376,0.951064,0.849389,0.964277,0.048000,0.675000,0.000000,0.725000
2,convex,130,50,1000,0.479376,0.951047,0.849678,0.964340,0.048000,0.676000,0.000000,0.725000
2,convex,131,50,1000,0.479376,0.951026,0.850752,0.964410,0.048000,0.674000,0.000000,0.725000
2,convex,132,50,1000,0.479376,0.951002,0.851172,0.964480,0.048000,0.673000,0.001000,0.725000
2,convex,133,50,1000,0.479376,0.950985,0.851922,0.964548,0.048000,0.673000,0.000000,0.728000
2,convex,134,50,1000,0.479376,0.950952,0.853099,0.964620,0.048000,0.673000,0.000000,0.728000
2,convex,135,50,1000,0.479376,0.950932,0.853409,0.964696,0.048000,0.673000,0.000000,0.728000
2,convex,136,50,1000,0.479376,0.950913,0.854017,0.964756,0.048000,0.673000,0.000000,0.728000
2,convex,137,50,1000,0.479376,0.950896,0.854499,0.964825,0.048000,0.674000,0.001000,0.729000
2,convex,138,50,1000,0.479376,0.950866,0.854989,0.964885,0.048000,0.675000,0.000000,0.729000
2,convex,139,50,1000,0.479376,0.950840,0.855741,0.964945,0.048000,0.675000,0.002000,0.729000
2,convex,140,50,1000,0.479376,0.950828,0.855985,0.965012,0.048000,0.675000,0.001000,0.729000
2,convex,141,50,1000,0.479376,0.950807,0.857210,0.965078,0.048000,0.674000,0.002000,0.729000
2,convex,142,50,1000,0.479376,0.950788,0.857779,0.965136,0.048000,0.674000,0.001000,0.730000
2,convex,143,50,1000,0.479376,0.950772,0.858611,0.965211,0.048000,0.674000,0.001000,0.730000
2,convex,144,50,1000,0.479376,0.950747,0.859463,0.965278,0.048000,0.674000,0.000000,0.730000
2,convex,145,50,1000,0.479376,0.950720,0.859624,0.965349,0.048000,0.673000,0.000000,0.730000
2,convex,146,50,1000,0.479376,0.950702,0.860598,0.965412,0.048000,0.672000,0.000000,0.730000
2,convex,147,50,1000,0.479376,0.950684,0.861236,0.965472,0.048000,0.673000,0.001000,0.731000
2,convex,148,50,1000,0.479376,0.950664,0.861946,0.965535,0.048000,0.673000,0.003000,0.732000
2,convex,149,50,1000,0.479376,0.950649,0.862097,0.965580,0.048000,0.673000,0.004000,0.732000
2,convex,150,50,1000,0.479376,0.950636,0.862611,0.965656,0.048000,0.672000,0.002000,0.734000
2,convex,151,50,1000,0.479376,0.950621,0.863372,0.965722,0.048000,0.671000,0.001000,0.734000
2,convex,152,50,1000,0.479376,0.950602,0.863732,0.965776,0.048000,0.671000,0.003000,0.735000
2,convex,153,50,1000,0.479376,0.950579,0.864352,0.965830,0.048000,0.671000,0.003000,0.734000
2,convex,154,50,1000,0.479376,0.950562,0.864920,0.965884,0.048000,0.671000,0.002000,0.734000
2,convex,155,50,1000,0.479376,0.950547,0.865438,0.965923,0.048000,0.670000,0.004000,0.734000
2,convex,156,50,1000,0.479376,0.950530,0.865979,0.965985,0.048000,0.671000,0.001000,0.734000
2,convex,157,50,1000,0.479376,0.950518,0.866431,0.966039,0.048000,0.672000,0.003000,0.734000
2,convex,158,50,1000,0.479376,0.950504,0.867140,0.966087,0.048000,0.671000,0.005000,0.735000
2,convex,159,50,1000,0.479376,0.950486,0.867544,0.966136,0.048000,0.671000,0.006000,0.736000
2,convex,160,50,1000,0.479376,0.950465,0.867766,0.966193,0.048000,0.671000,0.002000,0.737000
2,convex,161,50,1000,0.479376,0.950448,0.868119,0.966252,0.048000,0.672000,0.000000,0.738000
2,convex,162,50,1000,0.479376,0.950431,0.868233,0.966305,0.048000,0.671000,0.005000,0.739000
2,convex,163,50,1000,0.479376,0.950415,0.868888,0.966358,0.048000,0.671000,0.003000,0.739000
2,convex,164,50,1000,0.479376,0.950384,0.869565,0.966413,0.048000,0.668000,0.003000,0.739000
2,convex,165,50,1000,0.479376,0.950366,0.869956,0.966458,0.048000,0.668000,0.002000,0.739000
2,convex,166,50,1000,0.479376,0.950358,0.870543,0.966500,0.048000,0.668000,0.001000,0.739000
2,convex,167,50,1000,0.479376,0.950337,0.870966,0.966539,0.048000,0.666000,0.001000,0.740000
2,convex,168,50,1000,0.479376,0.950318,0.871591,0.966579,0.048000,0.667000,0.002000,0.741000
2,convex,169,50,1000,0.479376,0.950307,0.872082,0.966618,0.048000,0.666000,0.001000,0.741000
2,convex,170,50,1000,0.479376,0.950291,0.872358,0.966657,0.048000,0.665000,0.001000,0.741000
2,convex,171,50,1000,0.479376,0.950279,0.872633,0.966702,0.048000,0.665000,0.004000,0.743000
2,convex,172,50,1000,0.479376,0.950269,0.873137,0.966747,0.048000,0.666000,0.004000,0.743000
2,convex,173,50,1000,0.479376,0.950264,0.873226,0.966792,0.048000,0.666000,0.002000,0.743000
2,convex,174,50,1000,0.479376,0.950249,0.873670,0.966835,0.048000,0.667000,0.003000,0.743000
2,convex,175,50,1000,0.479376,0.950231,0.874311,0.966875,0.048000,0.666000,0.004000,0.744000
2,convex,176,50,1000,0.479376,0.950223,0.874587,0.966919,0.048000,0.666000,0.001000,0.744000
2,convex,177,50,1000,0.479376,0.950207,0.875338,0.966969,0.048000,0.666000,0.004000,0.745000
2,convex,178,50,1000,0.479376,0.950190,0.875977,0.967011,0.048000,0.665000,0.004000,0.746000
2,convex,179,50,1000,0.479376,0.950181,0.876625,0.967055,0.048000,0.666000,0.004000,0.746000
2,convex,180,50,1000,0.479376,0.950160,0.876767,0.967096,0.048000,0.666000,0.002000,0.747000
2,convex,181,50,1000,0.479376,0.950157,0.877092,0.967134,0.048000,0.665000,0.005000,0.748000
2,convex,182,50,1000,0.479376,0.950144,0.877298,0.967178,0.048000,0.664000,0.008000,0.750000
2,convex,183,50,1000,0.479376,0.950136,0.877536,0.967228,0.048000,0.660000,0.007000,0.750000
2,convex,184,50,1000,0.479376,0.950125,0.878016,0.967268,0.048000,0.660000,0.008000,0.751000
2,convex,185,50,1000,0.479376,0.950113,0.878389,0.967290,0.048000,0.660000,0.007000,0.751000
2,convex,186,50,1000,0.479376,0.950102,0.878818,0.967326,0.048000,0.660000,0.002000,0.751000
2,convex,187,50,1000,0.479376,0.950088,0.879458,0.967363,0.048000,0.659000,0.010000,0.753000
2,convex,188,50,1000,0.479376,0.950079,0.879868,0.967398,0.048000,0.660000,0.005000,0.753000
2,convex,189,50,1000,0.479376,0.950069,0.880252,0.967438,0.048000,0.660000,0.006000,0.755000
2,convex,190,50,1000,0.479376,0.950058,0.880651,0.967470,0.048000,0.659000,0.004000,0.755000
2,convex,191,50,1000,0.479376,0.950047,0.880995,0.967505,0.048000,0.659000,0.003000,0.755000
2,convex,192,50,1000,0.479376,0.950036,0.881171,0.967547,0.048000,0.658000,0.003000,0.754000
2,convex,193,50,1000,0.479376,0.950024,0.881398,0.967588,0.048000,0.658000,0.007000,0.754000
2,convex,194,50,1000,0.479376,0.950016,0.881586,0.967619,0.048000,0.657000,0.006000,0.754000
2,convex,195,50,1000,0.479376,0.950005,0.882133,0.967659,0.048000,0.657000,0.006000,0.754000
2,convex,196,50,1000,0.479376,0.950000,0.882748,0.967697,0.048000,0.657000,0.005000,0.754000
2,convex,197,50,1000,0.479376,0.949988,0.883042,0.967730,0.048000,0.657000,0.007000,0.755000
2,convex,198,50,1000,0.479376,0.949971,0.883201,0.967767,0.048000,0.654000,0.007000,0.755000
2,convex,199,50,1000,0.479376,0.949962,0.883577,0.967798,0.048000,0.652000,0.007000,0.755000
2,convex,200,50,1000,0.479376,0.949954,0.883911,0.967832,0.048000,0.652000,0.009000,0.755000
