D,Problem_type,number_vector,solution_number,set_number,avg_consis_R2C_1,avg_consis_newR2C_1,avg_consis_R2C_2,avg_consis_newR2C_2,avg_correct_R2C_1,avg_correct_newR2C_1,avg_correct_R2C_2,avg_correct_newR2C_2
4,linear,8,100,100,0.613925,0.807517,0.114186,0.626976,0.020000,0.350000,0.000000,0.030000
4,linear,20,100,100,0.613925,0.833364,0.189501,0.682291,0.020000,0.300000,0.000000,0.010000
4,linear,30,100,100,0.613925,0.880552,0.295093,0.732869,0.020000,0.500000,0.000000,0.030000
4,linear,35,100,100,0.613925,0.859529,0.300309,0.723788,0.020000,0.350000,0.000000,0.030000
4,linear,56,100,100,0.613925,0.873972,0.400622,0.755701,0.020000,0.440000,0.000000,0.050000
4,linear,84,100,100,0.613925,0.882996,0.492539,0.780907,0.020000,0.530000,0.000000,0.050000
4,linear,120,100,100,0.613925,0.889277,0.566228,0.800614,0.020000,0.620000,0.000000,0.060000
4,linear,165,100,100,0.613925,0.893782,0.617275,0.816396,0.020000,0.620000,0.000000,0.070000
4,linear,220,100,100,0.613925,0.896877,0.649622,0.829547,0.020000,0.640000,0.000000,0.080000
4,linear,286,100,100,0.613925,0.898875,0.676931,0.840396,0.020000,0.630000,0.000000,0.080000
4,linear,364,100,100,0.613925,0.900505,0.698758,0.849507,0.020000,0.640000,0.000000,0.090000
4,linear,455,100,100,0.613925,0.901515,0.712939,0.857285,0.020000,0.690000,0.000000,0.090000
4,linear,560,100,100,0.613925,0.902253,0.726154,0.863766,0.020000,0.680000,0.000000,0.110000
4,linear,680,100,100,0.613925,0.902859,0.738218,0.869368,0.020000,0.710000,0.000000,0.140000
4,linear,816,100,100,0.613925,0.903406,0.748301,0.874382,0.020000,0.710000,0.010000,0.160000
4,linear,969,100,100,0.613925,0.903786,0.754707,0.878713,0.020000,0.690000,0.000000,0.160000
4,linear,1140,100,100,0.613925,0.904345,0.760780,0.882442,0.020000,0.700000,0.030000,0.160000
4,linear,1330,100,100,0.613925,0.904566,0.767820,0.885848,0.020000,0.700000,0.060000,0.170000
4,linear,1540,100,100,0.613925,0.904739,0.773871,0.888822,0.020000,0.710000,0.050000,0.190000
4,linear,1771,100,100,0.613925,0.904980,0.779036,0.891473,0.020000,0.720000,0.050000,0.200000
4,linear,2024,100,100,0.613925,0.905119,0.783935,0.893978,0.020000,0.730000,0.040000,0.220000
4,linear,2300,100,100,0.613925,0.905178,0.788176,0.896214,0.020000,0.720000,0.080000,0.240000
4,linear,2600,100,100,0.613925,0.905238,0.791709,0.898210,0.020000,0.720000,0.080000,0.240000
4,linear,2925,100,100,0.613925,0.905267,0.794861,0.900105,0.020000,0.720000,0.090000,0.260000
4,linear,3276,100,100,0.613925,0.905345,0.798162,0.901747,0.020000,0.710000,0.090000,0.260000
4,linear,3654,100,100,0.613925,0.905307,0.801366,0.903354,0.020000,0.710000,0.100000,0.270000
4,linear,4060,100,100,0.613925,0.905275,0.803580,0.904869,0.020000,0.710000,0.090000,0.280000
4,linear,4495,100,100,0.613925,0.905335,0.806414,0.906364,0.020000,0.710000,0.110000,0.320000
4,linear,4960,100,100,0.613925,0.905345,0.808859,0.907760,0.020000,0.690000,0.110000,0.320000
4,linear,5456,100,100,0.613925,0.905372,0.811265,0.908952,0.020000,0.690000,0.110000,0.330000
4,linear,5984,100,100,0.613925,0.905362,0.813966,0.910174,0.020000,0.690000,0.120000,0.340000
4,linear,6545,100,100,0.613925,0.905364,0.815675,0.911232,0.020000,0.690000,0.110000,0.340000
4,linear,7140,100,100,0.613925,0.905331,0.817832,0.912111,0.020000,0.680000,0.110000,0.360000
4,linear,7770,100,100,0.613925,0.905329,0.819756,0.913115,0.020000,0.680000,0.100000,0.370000
4,linear,8436,100,100,0.613925,0.905384,0.821483,0.914044,0.020000,0.680000,0.130000,0.390000
4,linear,9139,100,100,0.613925,0.905380,0.822954,0.914776,0.020000,0.680000,0.140000,0.400000
4,linear,9880,100,100,0.613925,0.905372,0.824646,0.915606,0.020000,0.680000,0.110000,0.400000
4,linear,10660,100,100,0.613925,0.905358,0.826127,0.916325,0.020000,0.670000,0.100000,0.410000
4,linear,11480,100,100,0.613925,0.905315,0.827444,0.917010,0.020000,0.670000,0.120000,0.410000
4,linear,12341,100,100,0.613925,0.905307,0.828729,0.917640,0.020000,0.660000,0.120000,0.430000
4,linear,13244,100,100,0.613925,0.905343,0.829966,0.918180,0.020000,0.660000,0.120000,0.440000
4,linear,14190,100,100,0.613925,0.905331,0.831117,0.918703,0.020000,0.670000,0.130000,0.440000
4,linear,15180,100,100,0.613925,0.905331,0.832400,0.919313,0.020000,0.660000,0.130000,0.450000
4,linear,16215,100,100,0.613925,0.905331,0.833570,0.919832,0.020000,0.660000,0.140000,0.460000
4,linear,17296,100,100,0.613925,0.905261,0.834669,0.920343,0.020000,0.660000,0.130000,0.490000
4,linear,18424,100,100,0.613925,0.905214,0.835820,0.920844,0.020000,0.660000,0.130000,0.520000
4,linear,19600,100,100,0.613925,0.905178,0.837139,0.921382,0.020000,0.660000,0.130000,0.520000
4,linear,20825,100,100,0.613925,0.905137,0.838244,0.921774,0.020000,0.670000,0.130000,0.530000
4,linear,22100,100,100,0.613925,0.905141,0.839281,0.922216,0.020000,0.670000,0.130000,0.530000
4,linear,23426,100,100,0.613925,0.905089,0.840121,0.922618,0.020000,0.670000,0.120000,0.530000
4,concave,8,100,100,0.668525,0.836000,0.091935,0.702582,0.070000,0.460000,0.000000,0.190000
4,concave,20,100,100,0.668525,0.863947,0.168497,0.758552,0.070000,0.500000,0.000000,0.180000
4,concave,30,100,100,0.668525,0.905980,0.278800,0.791733,0.070000,0.660000,0.000000,0.250000
4,concave,35,100,100,0.668525,0.887681,0.282044,0.788881,0.070000,0.570000,0.000000,0.250000
4,concave,56,100,100,0.668525,0.902614,0.383321,0.811335,0.070000,0.650000,0.000000,0.270000
4,concave,84,100,100,0.668525,0.912665,0.476117,0.828263,0.070000,0.720000,0.000000,0.290000
4,concave,120,100,100,0.668525,0.919422,0.543927,0.842158,0.070000,0.740000,0.000000,0.290000
4,concave,165,100,100,0.668525,0.924158,0.598699,0.853604,0.070000,0.790000,0.000000,0.300000
4,concave,220,100,100,0.668525,0.927483,0.634398,0.862796,0.070000,0.790000,0.000000,0.310000
4,concave,286,100,100,0.668525,0.929913,0.665673,0.870689,0.070000,0.770000,0.000000,0.340000
4,concave,364,100,100,0.668525,0.931596,0.687903,0.877343,0.070000,0.790000,0.000000,0.340000
4,concave,455,100,100,0.668525,0.932952,0.706327,0.882766,0.070000,0.780000,0.000000,0.380000
4,concave,560,100,100,0.668525,0.933897,0.721669,0.887756,0.070000,0.800000,0.000000,0.380000
4,concave,680,100,100,0.668525,0.934523,0.733030,0.891945,0.070000,0.800000,0.010000,0.390000
4,concave,816,100,100,0.668525,0.935097,0.744160,0.895701,0.070000,0.790000,0.040000,0.400000
4,concave,969,100,100,0.668525,0.935485,0.756230,0.898988,0.070000,0.780000,0.070000,0.400000
4,concave,1140,100,100,0.668525,0.935681,0.765511,0.901846,0.070000,0.780000,0.030000,0.420000
4,concave,1330,100,100,0.668525,0.935853,0.771525,0.904343,0.070000,0.790000,0.060000,0.430000
4,concave,1540,100,100,0.668525,0.935976,0.778523,0.906885,0.070000,0.780000,0.090000,0.440000
4,concave,1771,100,100,0.668525,0.936028,0.785139,0.909212,0.070000,0.770000,0.080000,0.450000
4,concave,2024,100,100,0.668525,0.936059,0.789188,0.911089,0.070000,0.750000,0.070000,0.450000
4,concave,2300,100,100,0.668525,0.936042,0.794279,0.912909,0.070000,0.730000,0.070000,0.440000
4,concave,2600,100,100,0.668525,0.936061,0.798501,0.914485,0.070000,0.730000,0.120000,0.450000
4,concave,2925,100,100,0.668525,0.936109,0.803192,0.916004,0.070000,0.730000,0.080000,0.480000
4,concave,3276,100,100,0.668525,0.936069,0.806590,0.917358,0.070000,0.720000,0.130000,0.520000
4,concave,3654,100,100,0.668525,0.935921,0.809800,0.918701,0.070000,0.720000,0.150000,0.520000
4,concave,4060,100,100,0.668525,0.935867,0.812519,0.919764,0.070000,0.710000,0.130000,0.520000
4,concave,4495,100,100,0.668525,0.935816,0.814881,0.920826,0.070000,0.710000,0.150000,0.540000
4,concave,4960,100,100,0.668525,0.935721,0.817630,0.921840,0.070000,0.710000,0.190000,0.540000
4,concave,5456,100,100,0.668525,0.935687,0.819925,0.922792,0.070000,0.710000,0.190000,0.540000
4,concave,5984,100,100,0.668525,0.935618,0.822147,0.923675,0.070000,0.700000,0.140000,0.550000
4,concave,6545,100,100,0.668525,0.935531,0.823954,0.924479,0.070000,0.700000,0.230000,0.560000
4,concave,7140,100,100,0.668525,0.935442,0.826347,0.925164,0.070000,0.700000,0.180000,0.560000
4,concave,7770,100,100,0.668525,0.935424,0.828453,0.925883,0.070000,0.700000,0.220000,0.570000
4,concave,8436,100,100,0.668525,0.935299,0.830168,0.926574,0.070000,0.680000,0.230000,0.590000
4,concave,9139,100,100,0.668525,0.935178,0.832184,0.927269,0.070000,0.680000,0.260000,0.590000
4,concave,9880,100,100,0.668525,0.935103,0.833786,0.927871,0.070000,0.680000,0.250000,0.590000
4,concave,10660,100,100,0.668525,0.935024,0.835133,0.928467,0.070000,0.680000,0.260000,0.590000
4,concave,11480,100,100,0.668525,0.934939,0.836230,0.929028,0.070000,0.670000,0.260000,0.600000
4,concave,12341,100,100,0.668525,0.934883,0.837642,0.929638,0.070000,0.670000,0.290000,0.620000
4,concave,13244,100,100,0.668525,0.934800,0.838764,0.930133,0.070000,0.670000,0.280000,0.610000
4,concave,14190,100,100,0.668525,0.934719,0.839952,0.930616,0.070000,0.670000,0.310000,0.620000
4,concave,15180,100,100,0.668525,0.934689,0.841354,0.931089,0.070000,0.670000,0.330000,0.620000
4,concave,16215,100,100,0.668525,0.934665,0.842677,0.931515,0.070000,0.670000,0.310000,0.620000
4,concave,17296,100,100,0.668525,0.934610,0.843739,0.931897,0.070000,0.670000,0.310000,0.610000
4,concave,18424,100,100,0.668525,0.934552,0.844735,0.932349,0.070000,0.670000,0.290000,0.610000
4,concave,19600,100,100,0.668525,0.934507,0.845582,0.932802,0.070000,0.670000,0.320000,0.620000
4,concave,20825,100,100,0.668525,0.934412,0.846453,0.933178,0.070000,0.670000,0.330000,0.630000
4,concave,22100,100,100,0.668525,0.934380,0.847253,0.933453,0.070000,0.670000,0.340000,0.640000
4,concave,23426,100,100,0.668525,0.934364,0.848091,0.933806,0.070000,0.670000,0.360000,0.640000
4,convex,8,100,100,0.812758,0.871745,0.100119,0.798784,0.090000,0.300000,0.000000,0.110000
4,convex,20,100,100,0.812758,0.884863,0.209200,0.827192,0.090000,0.330000,0.000000,0.140000
4,convex,30,100,100,0.812758,0.922529,0.290034,0.848703,0.090000,0.480000,0.000000,0.210000
4,convex,35,100,100,0.812758,0.904731,0.297994,0.844073,0.090000,0.430000,0.000000,0.220000
4,convex,56,100,100,0.812758,0.916701,0.362127,0.856782,0.090000,0.450000,0.000000,0.270000
4,convex,84,100,100,0.812758,0.923022,0.442057,0.866741,0.090000,0.500000,0.000000,0.310000
4,convex,120,100,100,0.812758,0.926471,0.522345,0.875107,0.090000,0.490000,0.000000,0.320000
4,convex,165,100,100,0.812758,0.928299,0.582491,0.881824,0.090000,0.500000,0.000000,0.340000
4,convex,220,100,100,0.812758,0.929020,0.641024,0.887790,0.090000,0.510000,0.000000,0.360000
4,convex,286,100,100,0.812758,0.929042,0.691828,0.892580,0.090000,0.530000,0.000000,0.380000
4,convex,364,100,100,0.812758,0.928774,0.737442,0.896739,0.090000,0.530000,0.000000,0.380000
4,convex,455,100,100,0.812758,0.928071,0.768998,0.900596,0.090000,0.550000,0.000000,0.400000
4,convex,560,100,100,0.812758,0.927632,0.793527,0.903784,0.090000,0.570000,0.000000,0.410000
4,convex,680,100,100,0.812758,0.926861,0.818265,0.906838,0.090000,0.580000,0.000000,0.410000
4,convex,816,100,100,0.812758,0.926248,0.838279,0.909319,0.090000,0.570000,0.000000,0.410000
4,convex,969,100,100,0.812758,0.925531,0.854333,0.911628,0.090000,0.550000,0.000000,0.440000
4,convex,1140,100,100,0.812758,0.924745,0.868154,0.913790,0.090000,0.530000,0.000000,0.440000
4,convex,1330,100,100,0.812758,0.924107,0.877265,0.915687,0.090000,0.500000,0.000000,0.450000
4,convex,1540,100,100,0.812758,0.923418,0.886442,0.917481,0.090000,0.490000,0.000000,0.460000
4,convex,1771,100,100,0.812758,0.922859,0.895677,0.919101,0.090000,0.490000,0.040000,0.480000
4,convex,2024,100,100,0.812758,0.922410,0.902141,0.920604,0.090000,0.490000,0.060000,0.490000
4,convex,2300,100,100,0.812758,0.921937,0.906511,0.921853,0.090000,0.500000,0.080000,0.500000
4,convex,2600,100,100,0.812758,0.921457,0.913881,0.922992,0.090000,0.500000,0.160000,0.500000
4,convex,2925,100,100,0.812758,0.920952,0.920255,0.924093,0.090000,0.500000,0.190000,0.530000
4,convex,3276,100,100,0.812758,0.920451,0.924392,0.925145,0.090000,0.500000,0.240000,0.540000
4,convex,3654,100,100,0.812758,0.920006,0.929646,0.926032,0.090000,0.500000,0.310000,0.530000
4,convex,4060,100,100,0.812758,0.919562,0.932467,0.926931,0.090000,0.490000,0.270000,0.530000
4,convex,4495,100,100,0.812758,0.919186,0.935442,0.927749,0.090000,0.490000,0.300000,0.530000
4,convex,4960,100,100,0.812758,0.918879,0.939424,0.928582,0.090000,0.480000,0.330000,0.530000
4,convex,5456,100,100,0.812758,0.918483,0.942206,0.929366,0.090000,0.480000,0.430000,0.530000
4,convex,5984,100,100,0.812758,0.918139,0.943966,0.930125,0.090000,0.480000,0.370000,0.540000
4,convex,6545,100,100,0.812758,0.917790,0.946004,0.930869,0.090000,0.460000,0.470000,0.540000
4,convex,7140,100,100,0.812758,0.917457,0.948317,0.931535,0.090000,0.460000,0.530000,0.540000
4,convex,7770,100,100,0.812758,0.917121,0.950877,0.932180,0.090000,0.470000,0.560000,0.540000
4,convex,8436,100,100,0.812758,0.916889,0.952600,0.932687,0.090000,0.470000,0.570000,0.540000
4,convex,9139,100,100,0.812758,0.916646,0.953564,0.933240,0.090000,0.470000,0.560000,0.550000
4,convex,9880,100,100,0.812758,0.916420,0.954802,0.933729,0.090000,0.470000,0.460000,0.560000
4,convex,10660,100,100,0.812758,0.916234,0.955707,0.934147,0.090000,0.460000,0.580000,0.560000
4,convex,11480,100,100,0.812758,0.916030,0.956810,0.934644,0.090000,0.460000,0.640000,0.560000
4,convex,12341,100,100,0.812758,0.915816,0.958111,0.935115,0.090000,0.460000,0.560000,0.570000
4,convex,13244,100,100,0.812758,0.915602,0.959321,0.935566,0.090000,0.460000,0.540000,0.580000
4,convex,14190,100,100,0.812758,0.915455,0.960386,0.935913,0.090000,0.460000,0.520000,0.580000
4,convex,15180,100,100,0.812758,0.915277,0.961275,0.936303,0.090000,0.460000,0.580000,0.590000
4,convex,16215,100,100,0.812758,0.915089,0.962200,0.936614,0.090000,0.450000,0.620000,0.590000
4,convex,17296,100,100,0.812758,0.914972,0.962669,0.937069,0.090000,0.450000,0.640000,0.590000
4,convex,18424,100,100,0.812758,0.914802,0.963145,0.937408,0.090000,0.450000,0.680000,0.600000
4,convex,19600,100,100,0.812758,0.914653,0.963202,0.937739,0.090000,0.450000,0.810000,0.610000
4,convex,20825,100,100,0.812758,0.914509,0.963782,0.938069,0.090000,0.450000,0.770000,0.610000
4,convex,22100,100,100,0.812758,0.914360,0.964024,0.938374,0.090000,0.450000,0.710000,0.600000
4,convex,23426,100,100,0.812758,0.914253,0.964820,0.938705,0.090000,0.450000,0.720000,0.600000
