D,Problem_type,number_vector,solution_number,set_number,avg_consis_R2C_1,avg_consis_newR2C_1,avg_consis_R2C_2,avg_consis_newR2C_2,avg_correct_R2C_1,avg_correct_newR2C_1,avg_correct_R2C_2,avg_correct_newR2C_2
5,linear,10,100,100,0.495057,0.749152,0.128909,0.482733,0.000000,0.350000,0.000000,0.020000
5,linear,30,100,100,0.495057,0.830194,0.282238,0.537382,0.000000,0.450000,0.000000,0.020000
5,linear,70,100,100,0.495057,0.794451,0.353137,0.561689,0.000000,0.380000,0.000000,0.030000
5,linear,105,100,100,0.495057,0.839784,0.501725,0.629642,0.000000,0.530000,0.000000,0.030000
5,linear,126,100,100,0.495057,0.814200,0.449735,0.612911,0.000000,0.440000,0.000000,0.030000
5,linear,210,100,100,0.495057,0.826933,0.507731,0.657612,0.000000,0.490000,0.000000,0.040000
5,linear,330,100,100,0.495057,0.835859,0.542299,0.694416,0.000000,0.500000,0.000000,0.050000
5,linear,495,100,100,0.495057,0.842402,0.565099,0.723719,0.000000,0.530000,0.000000,0.040000
5,linear,715,100,100,0.495057,0.846986,0.583048,0.748341,0.000000,0.520000,0.000000,0.060000
5,linear,1001,100,100,0.495057,0.850640,0.596303,0.768549,0.000000,0.560000,0.000000,0.080000
5,linear,1365,100,100,0.495057,0.853459,0.608220,0.785978,0.000000,0.590000,0.000000,0.090000
5,linear,1820,100,100,0.495057,0.855743,0.619651,0.799590,0.000000,0.620000,0.000000,0.100000
5,linear,2380,100,100,0.495057,0.857818,0.628115,0.810986,0.000000,0.620000,0.000000,0.110000
5,linear,3060,100,100,0.495057,0.859285,0.637444,0.820598,0.000000,0.660000,0.000000,0.130000
5,linear,3876,100,100,0.495057,0.860515,0.646248,0.829042,0.000000,0.670000,0.000000,0.140000
5,linear,4845,100,100,0.495057,0.861642,0.653663,0.836253,0.000000,0.690000,0.000000,0.150000
5,linear,5985,100,100,0.495057,0.862614,0.660552,0.842574,0.000000,0.710000,0.010000,0.160000
5,linear,7315,100,100,0.495057,0.863503,0.666889,0.848248,0.000000,0.720000,0.010000,0.160000
5,linear,8855,100,100,0.495057,0.864271,0.672586,0.853291,0.000000,0.730000,0.000000,0.170000
5,linear,10626,100,100,0.495057,0.864937,0.677980,0.857590,0.000000,0.730000,0.000000,0.170000
5,linear,12650,100,100,0.495057,0.865503,0.683384,0.861580,0.000000,0.750000,0.000000,0.180000
5,linear,14950,100,100,0.495057,0.865958,0.688576,0.865083,0.000000,0.750000,0.000000,0.180000
5,linear,17550,100,100,0.495057,0.866364,0.692960,0.868269,0.000000,0.770000,0.000000,0.190000
5,linear,20475,100,100,0.495057,0.866731,0.696962,0.871174,0.000000,0.780000,0.000000,0.200000
5,linear,23751,100,100,0.495057,0.867123,0.701287,0.873733,0.000000,0.790000,0.000000,0.200000
5,linear,27405,100,100,0.495057,0.867455,0.705028,0.876042,0.000000,0.800000,0.000000,0.200000
5,linear,31465,100,100,0.495057,0.867832,0.708687,0.878263,0.000000,0.810000,0.000000,0.210000
5,linear,35960,100,100,0.495057,0.868135,0.712400,0.880156,0.000000,0.810000,0.000000,0.220000
5,linear,40920,100,100,0.495057,0.868360,0.716160,0.881889,0.000000,0.820000,0.000000,0.240000
5,linear,46376,100,100,0.495057,0.868642,0.719792,0.883503,0.000000,0.830000,0.000000,0.260000
5,linear,52360,100,100,0.495057,0.868883,0.723048,0.885055,0.000000,0.840000,0.000000,0.260000
5,linear,58905,100,100,0.495057,0.869079,0.726040,0.886378,0.000000,0.850000,0.000000,0.280000
5,linear,66045,100,100,0.495057,0.869273,0.729083,0.887695,0.000000,0.850000,0.000000,0.300000
5,linear,73815,100,100,0.495057,0.869477,0.731798,0.889002,0.000000,0.860000,0.000000,0.300000
5,linear,82251,100,100,0.495057,0.869632,0.734285,0.890141,0.000000,0.880000,0.000000,0.310000
5,linear,91390,100,100,0.495057,0.869792,0.736691,0.891224,0.000000,0.870000,0.010000,0.310000
5,linear,101270,100,100,0.495057,0.869933,0.739065,0.892208,0.000000,0.870000,0.010000,0.320000
5,linear,111930,100,100,0.495057,0.870065,0.741178,0.893166,0.000000,0.860000,0.010000,0.330000
5,linear,123410,100,100,0.495057,0.870208,0.743198,0.894099,0.000000,0.860000,0.020000,0.330000
5,linear,135751,100,100,0.495057,0.870313,0.745412,0.894941,0.000000,0.890000,0.020000,0.350000
5,linear,148995,100,100,0.495057,0.870438,0.747503,0.895752,0.000000,0.870000,0.020000,0.350000
5,linear,163185,100,100,0.495057,0.870556,0.749392,0.896549,0.000000,0.870000,0.020000,0.370000
5,linear,178365,100,100,0.495057,0.870630,0.751380,0.897321,0.000000,0.860000,0.020000,0.380000
5,linear,194580,100,100,0.495057,0.870760,0.753297,0.897919,0.000000,0.860000,0.020000,0.380000
5,linear,211876,100,100,0.495057,0.870828,0.755109,0.898634,0.000000,0.860000,0.020000,0.380000
5,linear,230300,100,100,0.495057,0.870891,0.756972,0.899127,0.000000,0.860000,0.020000,0.390000
5,linear,249900,100,100,0.495057,0.870966,0.758655,0.899723,0.000000,0.860000,0.020000,0.390000
5,linear,270725,100,100,0.495057,0.871051,0.760248,0.900263,0.000000,0.840000,0.020000,0.400000
5,linear,292825,100,100,0.495057,0.871131,0.761721,0.900836,0.000000,0.830000,0.020000,0.410000
5,linear,316251,100,100,0.495057,0.871160,0.763186,0.901432,0.000000,0.820000,0.020000,0.410000
5,concave,10,100,100,0.612301,0.822253,0.102523,0.620337,0.030000,0.400000,0.000000,0.090000
5,concave,30,100,100,0.612301,0.898784,0.263139,0.725006,0.030000,0.580000,0.000000,0.140000
5,concave,70,100,100,0.612301,0.883040,0.352356,0.767040,0.030000,0.480000,0.000000,0.140000
5,concave,105,100,100,0.612301,0.914994,0.503038,0.801113,0.030000,0.570000,0.000000,0.160000
5,concave,126,100,100,0.612301,0.897117,0.450305,0.795517,0.030000,0.510000,0.000000,0.150000
5,concave,210,100,100,0.612301,0.906242,0.507745,0.815915,0.030000,0.550000,0.000000,0.160000
5,concave,330,100,100,0.612301,0.912578,0.541628,0.832725,0.030000,0.580000,0.000000,0.170000
5,concave,495,100,100,0.612301,0.917220,0.570077,0.845717,0.030000,0.610000,0.000000,0.190000
5,concave,715,100,100,0.612301,0.920721,0.599020,0.856022,0.030000,0.660000,0.000000,0.230000
5,concave,1001,100,100,0.612301,0.923453,0.618655,0.864822,0.030000,0.720000,0.030000,0.240000
5,concave,1365,100,100,0.612301,0.925634,0.638657,0.872315,0.030000,0.710000,0.010000,0.240000
5,concave,1820,100,100,0.612301,0.927424,0.656505,0.878703,0.030000,0.750000,0.050000,0.250000
5,concave,2380,100,100,0.612301,0.928804,0.672406,0.884115,0.030000,0.740000,0.040000,0.280000
5,concave,3060,100,100,0.612301,0.929943,0.685857,0.888830,0.030000,0.730000,0.040000,0.290000
5,concave,3876,100,100,0.612301,0.930800,0.697937,0.893018,0.030000,0.750000,0.060000,0.290000
5,concave,4845,100,100,0.612301,0.931600,0.709194,0.896455,0.030000,0.730000,0.080000,0.300000
5,concave,5985,100,100,0.612301,0.932198,0.718840,0.899853,0.030000,0.740000,0.100000,0.350000
5,concave,7315,100,100,0.612301,0.932782,0.727255,0.902917,0.030000,0.740000,0.100000,0.350000
5,concave,8855,100,100,0.612301,0.933192,0.734830,0.905352,0.030000,0.740000,0.130000,0.360000
5,concave,10626,100,100,0.612301,0.933533,0.741275,0.907632,0.030000,0.740000,0.090000,0.370000
5,concave,12650,100,100,0.612301,0.933818,0.747125,0.909731,0.030000,0.740000,0.150000,0.390000
5,concave,14950,100,100,0.612301,0.934018,0.752560,0.911590,0.030000,0.740000,0.180000,0.410000
5,concave,17550,100,100,0.612301,0.934265,0.758139,0.913305,0.030000,0.750000,0.150000,0.410000
5,concave,20475,100,100,0.612301,0.934404,0.763008,0.914899,0.030000,0.750000,0.180000,0.420000
5,concave,23751,100,100,0.612301,0.934626,0.767325,0.916424,0.030000,0.750000,0.180000,0.430000
5,concave,27405,100,100,0.612301,0.934733,0.771117,0.917792,0.030000,0.740000,0.200000,0.440000
5,concave,31465,100,100,0.612301,0.934905,0.774543,0.918990,0.030000,0.750000,0.220000,0.440000
5,concave,35960,100,100,0.612301,0.934998,0.778156,0.920184,0.030000,0.750000,0.230000,0.450000
5,concave,40920,100,100,0.612301,0.935103,0.781378,0.921339,0.030000,0.740000,0.240000,0.460000
5,concave,46376,100,100,0.612301,0.935158,0.784313,0.922386,0.030000,0.740000,0.250000,0.460000
5,concave,52360,100,100,0.612301,0.935218,0.787048,0.923384,0.030000,0.730000,0.250000,0.480000
5,concave,58905,100,100,0.612301,0.935251,0.789659,0.924303,0.030000,0.730000,0.270000,0.480000
5,concave,66045,100,100,0.612301,0.935319,0.792065,0.925176,0.030000,0.740000,0.280000,0.490000
5,concave,73815,100,100,0.612301,0.935360,0.794410,0.925901,0.030000,0.740000,0.280000,0.500000
5,concave,82251,100,100,0.612301,0.935390,0.796653,0.926689,0.030000,0.740000,0.280000,0.500000
5,concave,91390,100,100,0.612301,0.935420,0.798800,0.927410,0.030000,0.740000,0.260000,0.510000
5,concave,101270,100,100,0.612301,0.935440,0.801026,0.928123,0.030000,0.730000,0.260000,0.510000
5,concave,111930,100,100,0.612301,0.935465,0.802741,0.928784,0.030000,0.740000,0.280000,0.510000
5,concave,123410,100,100,0.612301,0.935471,0.804620,0.929420,0.030000,0.740000,0.290000,0.520000
5,concave,135751,100,100,0.612301,0.935497,0.806251,0.929978,0.030000,0.740000,0.300000,0.520000
5,concave,148995,100,100,0.612301,0.935511,0.807630,0.930560,0.030000,0.730000,0.300000,0.520000
5,concave,163185,100,100,0.612301,0.935533,0.809103,0.931008,0.030000,0.730000,0.310000,0.520000
5,concave,178365,100,100,0.612301,0.935539,0.810644,0.931517,0.030000,0.730000,0.320000,0.520000
5,concave,194580,100,100,0.612301,0.935517,0.812065,0.932014,0.030000,0.730000,0.320000,0.520000
5,concave,211876,100,100,0.612301,0.935527,0.813364,0.932517,0.030000,0.730000,0.320000,0.530000
5,concave,230300,100,100,0.612301,0.935529,0.814675,0.933034,0.030000,0.720000,0.320000,0.530000
5,concave,249900,100,100,0.612301,0.935503,0.815933,0.933402,0.030000,0.710000,0.320000,0.530000
5,concave,270725,100,100,0.612301,0.935509,0.817040,0.933857,0.030000,0.710000,0.330000,0.530000
5,concave,292825,100,100,0.612301,0.935505,0.818295,0.934238,0.030000,0.710000,0.340000,0.540000
5,concave,316251,100,100,0.612301,0.935485,0.819319,0.934620,0.030000,0.710000,0.350000,0.550000
5,convex,10,100,100,0.865420,0.871939,0.095323,0.811147,0.110000,0.280000,0.000000,0.110000
5,convex,30,100,100,0.865420,0.923398,0.272828,0.854691,0.110000,0.420000,0.000000,0.180000
5,convex,70,100,100,0.865420,0.904509,0.405402,0.869087,0.110000,0.360000,0.000000,0.170000
5,convex,105,100,100,0.865420,0.933899,0.518984,0.882515,0.110000,0.520000,0.000000,0.200000
5,convex,126,100,100,0.865420,0.916097,0.514487,0.879309,0.110000,0.400000,0.000000,0.230000
5,convex,210,100,100,0.865420,0.923939,0.599448,0.887164,0.110000,0.510000,0.000000,0.270000
5,convex,330,100,100,0.865420,0.929566,0.665495,0.893521,0.110000,0.540000,0.000000,0.270000
5,convex,495,100,100,0.865420,0.933479,0.725075,0.898855,0.110000,0.560000,0.000000,0.320000
5,convex,715,100,100,0.865420,0.936517,0.782238,0.903392,0.110000,0.580000,0.000000,0.340000
5,convex,1001,100,100,0.865420,0.938554,0.819709,0.907200,0.110000,0.590000,0.000000,0.390000
5,convex,1365,100,100,0.865420,0.940172,0.847319,0.910610,0.110000,0.600000,0.000000,0.410000
5,convex,1820,100,100,0.865420,0.940998,0.870800,0.913519,0.110000,0.580000,0.000000,0.420000
5,convex,2380,100,100,0.865420,0.941592,0.887261,0.916349,0.110000,0.580000,0.000000,0.420000
5,convex,3060,100,100,0.865420,0.942010,0.900404,0.918756,0.110000,0.570000,0.000000,0.420000
5,convex,3876,100,100,0.865420,0.942170,0.911345,0.921133,0.110000,0.560000,0.000000,0.450000
5,convex,4845,100,100,0.865420,0.942158,0.919739,0.923186,0.110000,0.560000,0.010000,0.450000
5,convex,5985,100,100,0.865420,0.942160,0.925756,0.924889,0.110000,0.540000,0.030000,0.460000
5,convex,7315,100,100,0.865420,0.942101,0.931982,0.926586,0.110000,0.530000,0.130000,0.490000
5,convex,8855,100,100,0.865420,0.941808,0.937618,0.928105,0.110000,0.530000,0.140000,0.500000
5,convex,10626,100,100,0.865420,0.941648,0.941887,0.929523,0.110000,0.530000,0.150000,0.520000
5,convex,12650,100,100,0.865420,0.941372,0.944863,0.930691,0.110000,0.530000,0.320000,0.540000
5,convex,14950,100,100,0.865420,0.941158,0.947503,0.931857,0.110000,0.530000,0.200000,0.540000
5,convex,17550,100,100,0.865420,0.940893,0.950600,0.932848,0.110000,0.540000,0.220000,0.520000
5,convex,20475,100,100,0.865420,0.940529,0.954224,0.933891,0.110000,0.540000,0.350000,0.520000
5,convex,23751,100,100,0.865420,0.940263,0.956705,0.934838,0.110000,0.540000,0.420000,0.510000
5,convex,27405,100,100,0.865420,0.940006,0.958293,0.935808,0.110000,0.550000,0.440000,0.530000
5,convex,31465,100,100,0.865420,0.939715,0.960251,0.936590,0.110000,0.540000,0.390000,0.530000
5,convex,35960,100,100,0.865420,0.939453,0.962143,0.937422,0.110000,0.530000,0.400000,0.540000
5,convex,40920,100,100,0.865420,0.939119,0.964071,0.938192,0.110000,0.530000,0.430000,0.540000
5,convex,46376,100,100,0.865420,0.938867,0.965313,0.938887,0.110000,0.520000,0.560000,0.540000
5,convex,52360,100,100,0.865420,0.938604,0.966406,0.939511,0.110000,0.520000,0.650000,0.550000
5,convex,58905,100,100,0.865420,0.938283,0.967048,0.940190,0.110000,0.510000,0.510000,0.560000
5,convex,66045,100,100,0.865420,0.937988,0.968156,0.940788,0.110000,0.510000,0.550000,0.560000
5,convex,73815,100,100,0.865420,0.937745,0.969097,0.941366,0.110000,0.510000,0.510000,0.560000
5,convex,82251,100,100,0.865420,0.937503,0.969986,0.941851,0.110000,0.500000,0.560000,0.560000
5,convex,91390,100,100,0.865420,0.937240,0.970796,0.942347,0.110000,0.490000,0.670000,0.560000
5,convex,101270,100,100,0.865420,0.937032,0.971184,0.942865,0.110000,0.480000,0.700000,0.560000
5,convex,111930,100,100,0.865420,0.936808,0.971731,0.943358,0.110000,0.470000,0.650000,0.560000
5,convex,123410,100,100,0.865420,0.936651,0.971881,0.943780,0.110000,0.460000,0.700000,0.560000
5,convex,135751,100,100,0.865420,0.936475,0.972220,0.944216,0.110000,0.460000,0.650000,0.560000
5,convex,148995,100,100,0.865420,0.936339,0.972693,0.944594,0.110000,0.460000,0.760000,0.570000
5,convex,163185,100,100,0.865420,0.936137,0.973372,0.944998,0.110000,0.460000,0.740000,0.570000
5,convex,178365,100,100,0.865420,0.935919,0.973879,0.945374,0.110000,0.460000,0.810000,0.570000
5,convex,194580,100,100,0.865420,0.935782,0.974089,0.945703,0.110000,0.460000,0.740000,0.570000
5,convex,211876,100,100,0.865420,0.935667,0.974459,0.946014,0.110000,0.460000,0.770000,0.570000
5,convex,230300,100,100,0.865420,0.935543,0.974588,0.946356,0.110000,0.460000,0.740000,0.570000
5,convex,249900,100,100,0.865420,0.935343,0.974808,0.946669,0.110000,0.460000,0.730000,0.570000
5,convex,270725,100,100,0.865420,0.935192,0.975097,0.946982,0.110000,0.460000,0.650000,0.570000
5,convex,292825,100,100,0.865420,0.935038,0.975398,0.947285,0.110000,0.460000,0.710000,0.590000
5,convex,316251,100,100,0.865420,0.934895,0.975541,0.947574,0.110000,0.460000,0.790000,0.590000
