D,Problem_type,number_vector,solution_number,set_number,avg_consis_R2C_1,avg_consis_newR2C_1,avg_consis_R2C_2,avg_consis_newR2C_2,avg_correct_R2C_1,avg_correct_newR2C_1,avg_correct_R2C_2,avg_correct_newR2C_2
3,linear,6,100,1000,0.700562,0.854165,0.070589,0.774795,0.091000,0.383000,0.000000,0.233000
3,linear,9,100,1000,0.700562,0.909792,0.118550,0.818114,0.091000,0.488000,0.000000,0.280000
3,linear,10,100,1000,0.700562,0.897427,0.122747,0.812864,0.091000,0.474000,0.000000,0.274000
3,linear,15,100,1000,0.700562,0.919394,0.182715,0.839241,0.091000,0.527000,0.000000,0.304000
3,linear,21,100,1000,0.700562,0.931525,0.245661,0.857780,0.091000,0.566000,0.000000,0.333000
3,linear,28,100,1000,0.700562,0.938451,0.312069,0.871565,0.091000,0.593000,0.000000,0.353000
3,linear,36,100,1000,0.700562,0.942535,0.374878,0.882124,0.091000,0.609000,0.000000,0.373000
3,linear,45,100,1000,0.700562,0.945010,0.437866,0.890527,0.091000,0.614000,0.000000,0.393000
3,linear,55,100,1000,0.700562,0.946469,0.493709,0.897298,0.091000,0.623000,0.000000,0.406000
3,linear,66,100,1000,0.700562,0.947318,0.545592,0.902896,0.091000,0.618000,0.000000,0.416000
3,linear,78,100,1000,0.700562,0.947718,0.589782,0.907641,0.091000,0.623000,0.000000,0.425000
3,linear,91,100,1000,0.700562,0.947874,0.629717,0.911699,0.091000,0.622000,0.000000,0.439000
3,linear,105,100,1000,0.700562,0.947899,0.663618,0.915166,0.091000,0.613000,0.000000,0.455000
3,linear,120,100,1000,0.700562,0.947826,0.693655,0.918201,0.091000,0.607000,0.000000,0.468000
3,linear,136,100,1000,0.700562,0.947658,0.718564,0.920925,0.091000,0.599000,0.000000,0.480000
3,linear,153,100,1000,0.700562,0.947506,0.740680,0.923280,0.091000,0.593000,0.000000,0.495000
3,linear,171,100,1000,0.700562,0.947307,0.758699,0.925375,0.091000,0.587000,0.000000,0.502000
3,linear,190,100,1000,0.700562,0.947097,0.774400,0.927279,0.091000,0.588000,0.000000,0.513000
3,linear,210,100,1000,0.700562,0.946910,0.788255,0.928995,0.091000,0.584000,0.000000,0.525000
3,linear,231,100,1000,0.700562,0.946701,0.799413,0.930578,0.091000,0.578000,0.000000,0.531000
3,linear,253,100,1000,0.700562,0.946505,0.810266,0.931997,0.091000,0.580000,0.000000,0.540000
3,linear,276,100,1000,0.700562,0.946333,0.819297,0.933287,0.091000,0.577000,0.000000,0.549000
3,linear,300,100,1000,0.700562,0.946164,0.827878,0.934466,0.091000,0.579000,0.000000,0.559000
3,linear,325,100,1000,0.700562,0.945979,0.835123,0.935558,0.091000,0.572000,0.000000,0.567000
3,linear,351,100,1000,0.700562,0.945798,0.841191,0.936573,0.091000,0.568000,0.000000,0.573000
3,linear,378,100,1000,0.700562,0.945646,0.847707,0.937485,0.091000,0.561000,0.000000,0.580000
3,linear,406,100,1000,0.700562,0.945461,0.852323,0.938362,0.091000,0.563000,0.003000,0.585000
3,linear,435,100,1000,0.700562,0.945293,0.856867,0.939184,0.091000,0.558000,0.003000,0.587000
3,linear,465,100,1000,0.700562,0.945148,0.861826,0.939911,0.091000,0.557000,0.009000,0.592000
3,linear,496,100,1000,0.700562,0.945017,0.865437,0.940631,0.091000,0.555000,0.018000,0.591000
3,linear,528,100,1000,0.700562,0.944907,0.868996,0.941289,0.091000,0.555000,0.023000,0.600000
3,linear,561,100,1000,0.700562,0.944774,0.872194,0.941900,0.091000,0.553000,0.031000,0.605000
3,linear,595,100,1000,0.700562,0.944651,0.875502,0.942483,0.091000,0.554000,0.053000,0.610000
3,linear,630,100,1000,0.700562,0.944533,0.878384,0.943042,0.091000,0.552000,0.055000,0.612000
3,linear,666,100,1000,0.700562,0.944412,0.880939,0.943571,0.091000,0.549000,0.078000,0.613000
3,linear,703,100,1000,0.700562,0.944309,0.883092,0.944067,0.091000,0.550000,0.113000,0.617000
3,linear,741,100,1000,0.700562,0.944195,0.885506,0.944525,0.091000,0.550000,0.108000,0.619000
3,linear,780,100,1000,0.700562,0.944082,0.887311,0.944962,0.091000,0.550000,0.122000,0.620000
3,linear,820,100,1000,0.700562,0.944001,0.889166,0.945370,0.091000,0.549000,0.136000,0.622000
3,linear,861,100,1000,0.700562,0.943914,0.891182,0.945751,0.091000,0.548000,0.148000,0.624000
3,linear,903,100,1000,0.700562,0.943835,0.892485,0.946137,0.091000,0.547000,0.172000,0.624000
3,linear,946,100,1000,0.700562,0.943741,0.894267,0.946505,0.091000,0.547000,0.199000,0.631000
3,linear,990,100,1000,0.700562,0.943658,0.895627,0.946831,0.091000,0.545000,0.203000,0.634000
3,linear,1035,100,1000,0.700562,0.943591,0.897082,0.947138,0.091000,0.544000,0.203000,0.638000
3,linear,1081,100,1000,0.700562,0.943517,0.898577,0.947456,0.091000,0.543000,0.228000,0.639000
3,linear,1128,100,1000,0.700562,0.943442,0.899851,0.947742,0.091000,0.541000,0.241000,0.642000
3,linear,1176,100,1000,0.700562,0.943360,0.900897,0.948024,0.091000,0.540000,0.234000,0.642000
3,linear,1225,100,1000,0.700562,0.943285,0.901996,0.948284,0.091000,0.538000,0.257000,0.644000
3,linear,1275,100,1000,0.700562,0.943222,0.902972,0.948546,0.091000,0.538000,0.286000,0.649000
3,linear,1326,100,1000,0.700562,0.943163,0.903810,0.948789,0.091000,0.537000,0.309000,0.650000
3,concave,6,100,1000,0.737191,0.842526,0.044910,0.758815,0.203000,0.591000,0.000000,0.420000
3,concave,9,100,1000,0.737191,0.899173,0.092360,0.794644,0.203000,0.752000,0.000000,0.481000
3,concave,10,100,1000,0.737191,0.884680,0.098313,0.789934,0.203000,0.706000,0.000000,0.468000
3,concave,15,100,1000,0.737191,0.908066,0.155291,0.814126,0.203000,0.760000,0.000000,0.495000
3,concave,21,100,1000,0.737191,0.921640,0.216302,0.832626,0.203000,0.796000,0.000000,0.521000
3,concave,28,100,1000,0.737191,0.929604,0.281298,0.847269,0.203000,0.812000,0.000000,0.545000
3,concave,36,100,1000,0.737191,0.934519,0.344532,0.859092,0.203000,0.821000,0.000000,0.561000
3,concave,45,100,1000,0.737191,0.937445,0.407524,0.868758,0.203000,0.822000,0.000000,0.579000
3,concave,55,100,1000,0.737191,0.939211,0.463813,0.876678,0.203000,0.816000,0.000000,0.596000
3,concave,66,100,1000,0.737191,0.940195,0.516338,0.883418,0.203000,0.819000,0.000000,0.607000
3,concave,78,100,1000,0.737191,0.940643,0.561172,0.889104,0.203000,0.811000,0.000000,0.619000
3,concave,91,100,1000,0.737191,0.940804,0.601225,0.893984,0.203000,0.804000,0.000000,0.627000
3,concave,105,100,1000,0.737191,0.940738,0.635300,0.898245,0.203000,0.793000,0.000000,0.642000
3,concave,120,100,1000,0.737191,0.940595,0.666129,0.901966,0.203000,0.788000,0.000000,0.650000
3,concave,136,100,1000,0.737191,0.940302,0.692762,0.905297,0.203000,0.778000,0.000000,0.663000
3,concave,153,100,1000,0.737191,0.940011,0.715949,0.908262,0.203000,0.776000,0.000000,0.669000
3,concave,171,100,1000,0.737191,0.939715,0.734359,0.910898,0.203000,0.769000,0.000000,0.679000
3,concave,190,100,1000,0.737191,0.939400,0.751720,0.913267,0.203000,0.767000,0.000000,0.684000
3,concave,210,100,1000,0.737191,0.939095,0.766601,0.915411,0.203000,0.764000,0.000000,0.690000
3,concave,231,100,1000,0.737191,0.938755,0.779265,0.917377,0.203000,0.758000,0.000000,0.694000
3,concave,253,100,1000,0.737191,0.938426,0.791170,0.919142,0.203000,0.752000,0.000000,0.696000
3,concave,276,100,1000,0.737191,0.938104,0.800661,0.920773,0.203000,0.750000,0.000000,0.700000
3,concave,300,100,1000,0.737191,0.937837,0.810227,0.922245,0.203000,0.748000,0.000000,0.706000
3,concave,325,100,1000,0.737191,0.937563,0.818160,0.923648,0.203000,0.746000,0.000000,0.710000
3,concave,351,100,1000,0.737191,0.937302,0.824641,0.924955,0.203000,0.744000,0.000000,0.714000
3,concave,378,100,1000,0.737191,0.937046,0.831691,0.926177,0.203000,0.743000,0.000000,0.717000
3,concave,406,100,1000,0.737191,0.936794,0.837022,0.927269,0.203000,0.740000,0.000000,0.720000
3,concave,435,100,1000,0.737191,0.936561,0.841896,0.928297,0.203000,0.741000,0.003000,0.726000
3,concave,465,100,1000,0.737191,0.936332,0.846553,0.929217,0.203000,0.739000,0.004000,0.729000
3,concave,496,100,1000,0.737191,0.936118,0.850326,0.930116,0.203000,0.733000,0.006000,0.730000
3,concave,528,100,1000,0.737191,0.935914,0.854821,0.930937,0.203000,0.730000,0.015000,0.734000
3,concave,561,100,1000,0.737191,0.935730,0.858060,0.931723,0.203000,0.729000,0.019000,0.738000
3,concave,595,100,1000,0.737191,0.935549,0.861445,0.932469,0.203000,0.726000,0.020000,0.740000
3,concave,630,100,1000,0.737191,0.935372,0.864466,0.933167,0.203000,0.723000,0.028000,0.744000
3,concave,666,100,1000,0.737191,0.935206,0.866595,0.933844,0.203000,0.720000,0.042000,0.748000
3,concave,703,100,1000,0.737191,0.935043,0.869219,0.934483,0.203000,0.720000,0.055000,0.751000
3,concave,741,100,1000,0.737191,0.934878,0.871736,0.935043,0.203000,0.719000,0.074000,0.755000
3,concave,780,100,1000,0.737191,0.934727,0.873564,0.935612,0.203000,0.719000,0.067000,0.756000
3,concave,820,100,1000,0.737191,0.934583,0.875683,0.936169,0.203000,0.719000,0.093000,0.757000
3,concave,861,100,1000,0.737191,0.934436,0.877508,0.936674,0.203000,0.719000,0.102000,0.759000
3,concave,903,100,1000,0.737191,0.934301,0.879326,0.937167,0.203000,0.718000,0.121000,0.760000
3,concave,946,100,1000,0.737191,0.934177,0.880811,0.937633,0.203000,0.717000,0.129000,0.764000
3,concave,990,100,1000,0.737191,0.934043,0.882298,0.938048,0.203000,0.717000,0.145000,0.765000
3,concave,1035,100,1000,0.737191,0.933931,0.883311,0.938469,0.203000,0.716000,0.150000,0.766000
3,concave,1081,100,1000,0.737191,0.933823,0.884676,0.938855,0.203000,0.716000,0.164000,0.767000
3,concave,1128,100,1000,0.737191,0.933704,0.886061,0.939232,0.203000,0.714000,0.180000,0.770000
3,concave,1176,100,1000,0.737191,0.933607,0.887248,0.939586,0.203000,0.714000,0.197000,0.771000
3,concave,1225,100,1000,0.737191,0.933506,0.888448,0.939952,0.203000,0.713000,0.176000,0.771000
3,concave,1275,100,1000,0.737191,0.933410,0.889203,0.940308,0.203000,0.712000,0.213000,0.773000
3,concave,1326,100,1000,0.737191,0.933314,0.890091,0.940629,0.203000,0.713000,0.207000,0.773000
3,convex,6,100,1000,0.660980,0.827215,0.078983,0.735267,0.046000,0.335000,0.000000,0.216000
3,convex,9,100,1000,0.660980,0.888120,0.118856,0.768652,0.046000,0.443000,0.000000,0.263000
3,convex,10,100,1000,0.660980,0.873752,0.121950,0.765043,0.046000,0.434000,0.000000,0.257000
3,convex,15,100,1000,0.660980,0.899690,0.150002,0.788338,0.046000,0.490000,0.000000,0.279000
3,convex,21,100,1000,0.660980,0.914205,0.202605,0.806794,0.046000,0.528000,0.000000,0.305000
3,convex,28,100,1000,0.660980,0.922224,0.245502,0.821464,0.046000,0.538000,0.000000,0.325000
3,convex,36,100,1000,0.660980,0.926236,0.294235,0.833240,0.046000,0.538000,0.000000,0.342000
3,convex,45,100,1000,0.660980,0.928022,0.345847,0.843107,0.046000,0.546000,0.000000,0.360000
3,convex,55,100,1000,0.660980,0.928476,0.392437,0.851418,0.046000,0.550000,0.000000,0.374000
3,convex,66,100,1000,0.660980,0.928131,0.438758,0.858446,0.046000,0.550000,0.000000,0.385000
3,convex,78,100,1000,0.660980,0.927372,0.487718,0.864537,0.046000,0.549000,0.000000,0.402000
3,convex,91,100,1000,0.660980,0.926512,0.526751,0.869848,0.046000,0.542000,0.000000,0.410000
3,convex,105,100,1000,0.660980,0.925549,0.569746,0.874487,0.046000,0.539000,0.000000,0.429000
3,convex,120,100,1000,0.660980,0.924594,0.604338,0.878552,0.046000,0.533000,0.000000,0.438000
3,convex,136,100,1000,0.660980,0.923622,0.634031,0.882137,0.046000,0.524000,0.000000,0.449000
3,convex,153,100,1000,0.660980,0.922707,0.665515,0.885431,0.046000,0.519000,0.000000,0.459000
3,convex,171,100,1000,0.660980,0.921894,0.688008,0.888389,0.046000,0.513000,0.000000,0.470000
3,convex,190,100,1000,0.660980,0.921119,0.711752,0.891067,0.046000,0.509000,0.000000,0.473000
3,convex,210,100,1000,0.660980,0.920376,0.730366,0.893506,0.046000,0.503000,0.000000,0.479000
3,convex,231,100,1000,0.660980,0.919665,0.746889,0.895720,0.046000,0.499000,0.000000,0.485000
3,convex,253,100,1000,0.660980,0.919015,0.762616,0.897758,0.046000,0.486000,0.000000,0.496000
3,convex,276,100,1000,0.660980,0.918453,0.775600,0.899651,0.046000,0.483000,0.000000,0.504000
3,convex,300,100,1000,0.660980,0.917908,0.787481,0.901409,0.046000,0.476000,0.000000,0.510000
3,convex,325,100,1000,0.660980,0.917419,0.798987,0.903016,0.046000,0.473000,0.000000,0.513000
3,convex,351,100,1000,0.660980,0.916910,0.809183,0.904557,0.046000,0.467000,0.000000,0.519000
3,convex,378,100,1000,0.660980,0.916462,0.818481,0.905976,0.046000,0.467000,0.000000,0.525000
3,convex,406,100,1000,0.660980,0.916049,0.826799,0.907331,0.046000,0.463000,0.000000,0.527000
3,convex,435,100,1000,0.660980,0.915666,0.833704,0.908587,0.046000,0.461000,0.000000,0.533000
3,convex,465,100,1000,0.660980,0.915326,0.840922,0.909774,0.046000,0.456000,0.002000,0.533000
3,convex,496,100,1000,0.660980,0.915003,0.846715,0.910873,0.046000,0.457000,0.001000,0.536000
3,convex,528,100,1000,0.660980,0.914681,0.852748,0.911921,0.046000,0.457000,0.001000,0.538000
3,convex,561,100,1000,0.660980,0.914370,0.858591,0.912906,0.046000,0.455000,0.001000,0.544000
3,convex,595,100,1000,0.660980,0.914114,0.862710,0.913843,0.046000,0.456000,0.001000,0.549000
3,convex,630,100,1000,0.660980,0.913842,0.867638,0.914749,0.046000,0.450000,0.003000,0.555000
3,convex,666,100,1000,0.660980,0.913585,0.871748,0.915595,0.046000,0.443000,0.001000,0.560000
3,convex,703,100,1000,0.660980,0.913335,0.876264,0.916418,0.046000,0.444000,0.012000,0.562000
3,convex,741,100,1000,0.660980,0.913115,0.879845,0.917151,0.046000,0.440000,0.011000,0.570000
3,convex,780,100,1000,0.660980,0.912897,0.882849,0.917846,0.046000,0.439000,0.023000,0.570000
3,convex,820,100,1000,0.660980,0.912688,0.886302,0.918528,0.046000,0.437000,0.018000,0.571000
3,convex,861,100,1000,0.660980,0.912506,0.889363,0.919192,0.046000,0.434000,0.023000,0.574000
3,convex,903,100,1000,0.660980,0.912314,0.892060,0.919832,0.046000,0.431000,0.040000,0.578000
3,convex,946,100,1000,0.660980,0.912142,0.894306,0.920471,0.046000,0.426000,0.044000,0.584000
3,convex,990,100,1000,0.660980,0.911988,0.896592,0.921072,0.046000,0.422000,0.047000,0.588000
3,convex,1035,100,1000,0.660980,0.911816,0.898973,0.921633,0.046000,0.419000,0.062000,0.590000
3,convex,1081,100,1000,0.660980,0.911662,0.901311,0.922172,0.046000,0.419000,0.059000,0.595000
3,convex,1128,100,1000,0.660980,0.911514,0.903484,0.922689,0.046000,0.419000,0.072000,0.597000
3,convex,1176,100,1000,0.660980,0.911363,0.905544,0.923193,0.046000,0.416000,0.085000,0.597000
3,convex,1225,100,1000,0.660980,0.911217,0.907342,0.923671,0.046000,0.416000,0.098000,0.600000
3,convex,1275,100,1000,0.660980,0.911078,0.908890,0.924135,0.046000,0.417000,0.099000,0.604000
3,convex,1326,100,1000,0.660980,0.910942,0.910589,0.924577,0.046000,0.416000,0.114000,0.607000
